#timestep time dt l2_rho l2_rho_v1 l2_rho_v2 l2_rho_e_total linf_rho linf_rho_v1 linf_rho_v2 linf_rho_e_total cons_rho cons_rho_v1 cons_rho_v2 cons_rho_e_total dsdu_ut 
0 0.0 0.0 0.0 0.0 0.0 0.0 0.0 0.0 0.0 0.0 0.0 0.0 0.0 0.0 -5.999947679168254e-6
10 0.02592498443697228 0.0036908161639689734 4.638621268893847e-5 0.00022559118950803925 0.0002255911895080484 0.0014624141715114116 0.0007484321934820848 0.000922341866902876 0.000922341866902876 0.004012042942611593 1.1102230246251565e-15 2.4424906541753444e-15 2.886579864025407e-15 1.2434497875801753e-14 0.00013242434270821298
20 0.07503758544225328 0.006112093189738985 0.0001384899104277546 0.00063186487689902 0.0006318648768990097 0.00412362285599934 0.002043716053910849 0.001832415573194357 0.001832415573194801 0.006950509103207381 5.10702591327572e-15 5.329070518200751e-15 7.993605777301127e-15 3.019806626980426e-14 0.0003458430671787228
30 0.14941849069680782 0.008284258664296726 0.0002659131843617146 0.0011704823634119828 0.0011704823634119312 0.00783117903513682 0.006527285074588551 0.005023578038114929 0.005023578038115817 0.012931772289436871 1.2656542480726785e-14 1.509903313490213e-14 1.199040866595169e-14 2.842170943040401e-14 0.0005843395039536897
40 0.23877425066082844 0.009267382196765322 0.000297014760221246 0.0016166872876542074 0.0016166872876541441 0.011414145918290765 0.003803108694046875 0.006283488484270183 0.006283488484267519 0.027121451016569154 1.1546319456101628e-14 9.769962616701378e-15 1.1324274851176597e-14 4.440892098500626e-14 0.0006930287915197671
50 0.33277772133159783 0.009461533975387794 0.00042242375160486505 0.0020282321292183813 0.0020282321292183158 0.014219812014860759 0.004028424730571967 0.009874481914501132 0.009874481914501132 0.044180941232285775 1.9539925233402755e-14 1.9317880628477724e-14 1.8207657603852567e-14 5.1514348342607263e-14 0.0006051051944690515
60 0.42763509914313236 0.009496773390218972 0.0004757664584413684 0.0023279661731243815 0.0023279661731243303 0.015986786045489865 0.006357858065111355 0.009968238802869234 0.00996823880286013 0.05005085592242642 1.8207657603852567e-14 2.4868995751603507e-14 2.842170943040401e-14 4.973799150320701e-14 0.00035288080997638595
70 0.5226462003596033 0.00950333841844967 0.0005065541989214942 0.0024017627423588133 0.002401762742358779 0.0164652614872395 0.007058939177429391 0.008997180066960375 0.00899718006696082 0.04699855667883934 2.886579864025407e-14 2.1760371282653068e-14 2.5091040356528538e-14 5.417888360170764e-14 4.470720287594393e-6
80 0.6176984246868324 0.009506827018353427 0.0006577881340768615 0.002223894954556149 0.0022238949545561383 0.01550115248527319 0.00474803866949447 0.009042814955820822 0.009042814955806833 0.04840804904965923 3.1308289294429414e-14 3.086420008457935e-14 3.108624468950438e-14 6.217248937900877e-14 -0.0003377164593743145
90 0.7127898850754039 0.009511172388122121 0.0008886210802014877 0.0018445220330173696 0.0018445220330173782 0.013149198556641735 0.005462813104988085 0.008109537756792129 0.008109537756781027 0.04289343223518882 2.864375403532904e-14 3.708144902248023e-14 3.6193270602780103e-14 8.615330671091215e-14 -0.0005517899900578377
100 0.8079275971946286 0.009515864983276865 0.0010872798130289111 0.0013658014913802167 0.001365801491380176 0.009733051206765974 0.006189382209768279 0.009247821016584279 0.00924782101658117 0.03246458540568309 3.3084646133829665e-14 3.708144902248023e-14 3.952393967665557e-14 8.348877145181177e-14 -0.0005524633889232735
110 0.9031087233998113 0.009519740132208708 0.0011999490254601668 0.0009340502007143082 0.00093405020071425 0.005939707432161469 0.00881838477003849 0.008497057644522688 0.008497057644519135 0.04262979669001066 4.3520742565306136e-14 4.1744385725905886e-14 3.68594044175552e-14 7.37188088351104e-14 -0.0003449478539187105
120 0.998318722943584 0.009521661633208283 0.0012300115654466307 0.000782463662124738 0.0007824636621246984 0.0037549113632781225 0.009742642416813885 0.005659400746320653 0.005659400746318655 0.03868403932850306 4.463096558993129e-14 4.3520742565306136e-14 4.1744385725905886e-14 1.0835776720341528e-13 -2.3984749750026494e-5
130 1.0935331337682694 0.009520815723012607 0.001207186219696642 0.0010343056811968406 0.001034305681196896 0.005907806637566655 0.00961965254302144 0.005320356416775418 0.005320356416778083 0.021172618313831215 4.796163466380676e-14 4.773959005888173e-14 4.6851411639181606e-14 1.021405182655144e-13 0.00028222385021261717
140 1.1887233679351807 0.009517193793166363 0.0011509387743409152 0.0014693949403124262 0.0014693949403125001 0.0094035160544999 0.011240883488457865 0.007578881291418149 0.007578881291427031 0.017004553672993694 5.0182080713057076e-14 5.5289106626332796e-14 5.484501741648273e-14 1.0302869668521453e-13 0.0004734543795217638
150 1.2838669176551276 0.009511916329628084 0.0010569286721004317 0.0019107866257504669 0.001910786625750523 0.012564626560385308 0.011536371431583259 0.010913577239779926 0.010913577239791916 0.025760715006176937 5.839773109528323e-14 5.6621374255882984e-14 5.573319583618286e-14 1.2523315717771766e-13 0.0005022073370827472
160 1.3789574616650668 0.009506907184038757 0.0009227699844842012 0.002249422815238386 0.0022494228152383773 0.014908825271589553 0.009223409775846125 0.01053801442576896 0.010538014425783615 0.03798994694917823 5.861977570020827e-14 5.773159728050814e-14 5.995204332975845e-14 1.2878587085651816e-13 0.00036646328096482213
170 1.4740082341459388 0.009503993717481703 0.0007900743274936987 0.0024028002097651728 0.0024028002097651676 0.016119704175428726 0.010028453514912883 0.009209390070809231 0.009209390070805679 0.04556057570067651 5.995204332975845e-14 5.750955267558311e-14 5.928590951498336e-14 1.341149413747189e-13 0.00010139043364316549
180 1.5690459143609448 0.009504025568447443 0.0007507628730108058 0.0023302184780593154 0.0023302184780592677 0.015970806300502644 0.009072474299582911 0.008829960033057915 0.008829960033057471 0.05040141162714207 6.816769371198461e-14 6.994405055138486e-14 6.661338147750939e-14 1.4299672557172016e-13 -0.00021799233440277467
190 1.6640985474240972 0.009506569052363292 0.0008384550056443209 0.002049221511515127 0.002049221511515082 0.014406574604181628 0.005724008004956538 0.009375544009771364 0.009375544009767367 0.04825306895181658 7.038813976123492e-14 6.683542608243442e-14 6.661338147750939e-14 1.4654943925052066e-13 -0.00048280928152789215
200 1.7591844971683321 0.009510319933224251 0.0009605965839580465 0.0016328692762575432 0.0016328692762575044 0.011618873212386693 0.006987098867342834 0.011344393463246671 0.011344393463235125 0.039857099209652525 7.838174553853605e-14 7.438494264988549e-14 7.283063041541027e-14 1.5898393712632242e-13 -0.0005860048347094437
210 1.854307699358459 0.009513821826679699 0.0010259407966930077 0.0011911578383930373 0.0011911578383929974 0.008096737974032321 0.00666873770071863 0.0123526391890314 0.012352639189018522 0.047959377709688944 7.993605777301127e-14 7.238654120556021e-14 7.638334409421077e-14 1.6786572132332367e-13 -0.00047665146031866695
220 1.9494590573813653 0.009515940283339245 0.0010176125459658925 0.0008672877915032674 0.0008672877915031909 0.004910196318704789 0.009937648301206803 0.009365312243184043 0.00936531224317072 0.05029111977370704 8.171241461241152e-14 8.237854842718662e-14 7.926992395823618e-14 1.7674750552032492e-13 -0.00019320002213062723
230 2.044620701182061 0.009516017126602792 0.000982446983070616 0.0008478259992478759 0.0008478259992478399 0.004729064705784104 0.009997318101397035 0.005878754552673726 0.005878754552672394 0.03778890041570104 7.949196856316121e-14 8.37108160567368e-14 8.459899447643693e-14 1.794120407794253e-13 0.0001542672315853892
240 2.139771172273765 0.00951395801442089 0.0009744371948707162 0.0011495660010170249 0.001149566001017076 0.007606764824025507 0.00768463066870928 0.006054834787598828 0.0060548347875994946 0.019352889729954637 8.970602038971265e-14 8.79296635503124e-14 8.926193117986259e-14 1.7763568394002505e-13 0.00044089735526682517
250 2.234891937886249 0.009510399315543495 0.0009872405813313423 0.0015849584148070511 0.0015849584148071418 0.01088308642702606 0.008963110725584533 0.008636845951037087 0.008636845951046634 0.02021841739925634 8.859579736508749e-14 9.392486788328824e-14 9.237055564881302e-14 1.9539925233402755e-13 0.0005796690704102434
260 2.329975200696187 0.009506748177342985 0.0009709553003658679 0.0019993555989189725 0.0019993555989190797 0.013641895447276146 0.008468716002036691 0.01051151451568777 0.010511514515697762 0.03015158076602109 9.237055564881302e-14 9.636735853746359e-14 9.392486788328824e-14 1.9184653865522705e-13 0.0005385001813194599
270 2.425029557030349 0.00950471636037302 0.0009091818238074233 0.002278348168844794 0.0022783481688449254 0.015473816065563363 0.009064499876216159 0.008820756648870942 0.008820756648851846 0.04185586640010719 9.969802761133906e-14 9.792167077193881e-14 9.370282327836321e-14 2.113864638886298e-13 0.00033168930566794893
280 2.520078074137093 0.009505391530193207 0.0008533812803992058 0.0023482058107764585 0.0023482058107765777 0.01607948713444967 0.009711758945334381 0.008420374044046941 0.00842037404405116 0.04984508622758721 9.681144774731365e-14 1.021405182655144e-13 1.0369483049998962e-13 2.1760371282653068e-13 1.527450018952072e-5
290 2.615147892520944 0.00950858852075613 0.0008728338661597899 0.002193591647231577 0.00219359164723166 0.01529083073898501 0.006891885522908092 0.009386687890852397 0.009386687890858614 0.05145123189279177 1.0680345496894006e-13 1.0191847366058937e-13 1.0591527654923993e-13 2.2293278334473143e-13 -0.00031081875885899363
300 2.710258082190701 0.009513089356591108 0.0009558610597136901 0.0018608301943682274 0.0018608301943681858 0.013156972817103098 0.006747779388407649 0.010169299719772651 0.010169299719762437 0.046203379295596037 1.1013412404281553e-13 1.0857981180834031e-13 1.0813572259849025e-13 2.362554596402333e-13 -0.0005238092306901411
310 2.8054135029878577 0.009517423905596269 0.0010288522448201342 0.0014417486003878899 0.001441748600387721 0.010003591975515801 0.006772727826906522 0.013183975048354446 0.013183975048345564 0.04345469215013731 1.127986593019159e-13 1.1191048088221578e-13 1.1235457009206584e-13 2.362554596402333e-13 -0.0005349923710011257
320 2.9006056006285412 0.009520394003107764 0.0010523648550032887 0.0010555613037088974 0.0010555613037086624 0.006528528653070272 0.007992538195142007 0.012218770026267034 0.012218770026258596 0.05392425962727021 1.1324274851176597e-13 1.0902390101819037e-13 1.1257661469699087e-13 2.3447910280083306e-13 -0.0003439162670405244
330 2.9958158450697967 0.009521165983217282 0.0010486921095835726 0.0008620399392816584 0.0008620399392814977 0.004457977480805277 0.009160148041152727 0.00768198537284448 0.0076819853728382625 0.04904904706321389 1.1723955140041653e-13 1.1612932837579137e-13 1.1479706074624119e-13 2.4069635173873394e-13 -3.9056094757192e-5
340 3.0910196568994373 0.00951935221377083 0.0010641997652401584 0.0009996468694669588 0.0009996468694669662 0.006030204787208747 0.007070189094238177 0.005256069488165593 0.005256069488160042 0.030710360289693206 1.20570220474292e-13 1.2456702336294256e-13 1.2279066652354231e-13 2.5490720645393594e-13 0.00025638936204623554
350 3.186192336887358 0.00951529725930377 0.0011081700127298798 0.0013719002381689712 0.0013719002381691245 0.009195926976262207 0.007478697059216888 0.005208281301747775 0.005208281301750217 0.018546905120446766 1.2634338020234281e-13 1.2567724638756772e-13 1.212363542890671e-13 2.6201263381153694e-13 0.0004449094739848311
360 3.2813176965432778 0.009510260201799983 0.00114303253698716 0.001801810446612993 0.0018018104466132536 0.012234405009604902 0.008230126536119542 0.008433668065046973 0.00843366806504564 0.024328634177625652 1.290079154614432e-13 1.3078427230084344e-13 1.270095140171179e-13 2.717825964282383e-13 0.00047916660963275335
370 3.3763957408279914 0.009506055308603718 0.0011367370379305193 0.002157588467243334 0.0021575884672435522 0.014570012431984324 0.00786895128405396 0.008492451094098907 0.008492451094108677 0.03545168777252172 1.3100631690576847e-13 1.3322676295501878e-13 1.3344880755994382e-13 2.779998453661392e-13 0.000354830926658638
380 3.471443808403546 0.00950421078959476 0.001103255404327538 0.0023432578294824485 0.0023432578294825786 0.015845722678520604 0.010148174229489992 0.008321209081848746 0.008321209081852743 0.04498680138986533 1.3522516439934407e-13 1.3655743202889425e-13 1.3455903058456897e-13 2.6645352591003757e-13 0.00010278014939002498
390 3.5664891586613967 0.009505197763333369 0.001092196501604034 0.002310919867822942 0.0023109198678230827 0.0158077485343704 0.009114777270513574 0.008480170550476895 0.008480170550484 0.04942154061343906 1.4099832412739488e-13 1.4144241333724494e-13 1.4344081478157023e-13 2.9665159217984183e-13 -0.00020693901641176917
400 3.661556774953406 0.009508247262006948 0.0011299453658432726 0.0020747578463582938 0.0020747578463584165 0.014380670001725698 0.00833351362056689 0.009166961710020516 0.00916696171002318 0.04708612876095852 1.4144241333724494e-13 1.4521717162097048e-13 1.4166445794216997e-13 2.9753977059954195e-13 -0.00046914369655034344
410 3.75665933690824 0.009511867740630751 0.001180758190881414 0.0017063822759536375 0.0017063822759536516 0.011744960077839973 0.00844215885466637 0.013861422341773455 0.013861422341778784 0.039174778141609856 1.4810375148499588e-13 1.4410694859634532e-13 1.454392162258955e-13 3.0730973321624333e-13 -0.0005775741126964858
420 3.851794404657385 0.009514636693065277 0.0011915368865072393 0.0013114898123379314 0.0013114898123378622 0.008385819059330817 0.007586372945878939 0.014811366470058207 0.014811366470064424 0.05565488639446059 1.503241975342462e-13 1.5587531265737198e-13 1.56097357262297e-13 3.099742684753437e-13 -0.000478990933077233
430 3.94694813039932 0.009515680779879993 0.0011531520735496427 0.001009863889577478 0.0010098638895774284 0.005330967943377498 0.01062769633792593 0.011632634410048581 0.011632634410052134 0.057758332512782395 1.4832579608992091e-13 1.545430450278218e-13 1.532107773982716e-13 3.277378368693462e-13 -0.0002076883005208322
440 4.042101375362276 0.009514743277614838 0.0011115636752992012 0.0009377311578180318 0.0009377311578180755 0.004923277213277077 0.010815903498864188 0.00691306138865988 0.006913061388660546 0.04477164383489818 1.5210055437364645e-13 1.5831780331154732e-13 1.5654144647214707e-13 3.304023721284466e-13 0.00013046033286234196
450 4.1372355011066 0.009512118893879604 0.0011167342112910375 0.0011561421863589439 0.0011561421863590577 0.007495796071284502 0.007377877010182221 0.006444842731696987 0.00644484273169188 0.021310974184547415 1.6142642778049776e-13 1.6142642778049776e-13 1.616484723854228e-13 3.375077994860476e-13 0.0004135256652434486
460 4.232337863217873 0.009508662162334976 0.0011560302320799967 0.001547741035233395 0.0015477410352334356 0.01064599141945668 0.008087550521292286 0.007462407593966436 0.007462407593963327 0.01980417716936156 1.6431300764452317e-13 1.667554982986985e-13 1.6964207816272392e-13 3.383959779057477e-13 0.000555539369312215
470 4.327407320590624 0.009505737701816857 0.0011746679345488696 0.001953099984584129 0.0019530999845841599 0.013377481918638393 0.007704487155140605 0.009623972178505857 0.009623972178502749 0.028702538675577927 1.729727472365994e-13 1.6786572132332367e-13 1.7030821197749901e-13 3.490541189421492e-13 0.0005234818459761742
480 4.42245737640408 0.009504787620748259 0.0011507651271042028 0.002243540502773567 0.002243540502773568 0.015246025966307577 0.00890624007304286 0.008215966908658556 0.008215966908642569 0.04014158601364892 1.723066134218243e-13 1.751931932858497e-13 1.765254609153999e-13 3.5793590313915047e-13 0.0003287924380416739
490 4.517512615512584 0.009506523026420428 0.0011222715908773095 0.002336535663520448 0.0023365356635204008 0.015931227654259725 0.009843967269546061 0.008142578484375385 0.008142578484375163 0.04792930708548937 1.816324868286756e-13 1.7674750552032492e-13 1.7208456881689926e-13 3.552713678800501e-13 2.3229819382154934e-5
500 4.6125979143217375 0.009510397037421252 0.0011422465758424655 0.002212030166298187 0.0022120301662981005 0.015246767485489166 0.007230085406175091 0.00883700126619047 0.008837001266188249 0.049453574692222 1.829647544582258e-13 1.7608137170554983e-13 1.7985612998927536e-13 3.7836400679225335e-13 -0.0002975153586391654
510 4.707727048296055 0.009514952275801807 0.0012077900164754929 0.001914528716322333 0.0019145287163221745 0.013227442951048513 0.00754063244657277 0.011467159280582173 0.011467159280574624 0.04425935424005978 1.8252066524837574e-13 1.8385293287792592e-13 1.8696155734687636e-13 3.8191672047105385e-13 -0.000512753092555791
520 4.8028983332464765 0.009518698111930556 0.0012667806168053723 0.001535159037924763 0.0015351590379245026 0.01019085486266807 0.007619929846063966 0.014736302616119357 0.014736302616111585 0.048040868487178034 1.8496315590255108e-13 1.8895995879120164e-13 1.8895995879120164e-13 3.8546943414985435e-13 -0.0005325538155497607
530 4.898097832569557 0.009520660869564797 0.0012869334341004987 0.0011866256796298272 0.001186625679629478 0.00682481144931309 0.007632946426394671 0.01392310183497747 0.013923101834971918 0.0589073808217333 1.9051427102567686e-13 1.9162449405030202e-13 1.9628743075372768e-13 3.9523939676655573e-13 -0.00035279188322738384
540 4.99330488388602 0.00952039459862141 0.0012862953245341695 0.0009964498578179507 0.0009964498578175797 0.004730503991303465 0.008872051107330359 0.00938326278185353 0.009383262781847534 0.05421295798410286 1.9162449405030202e-13 1.9451107391432743e-13 1.9451107391432743e-13 4.1033842990145786e-13 -5.788710250882603e-5
550 5.08849686320676 0.009517912175719663 0.0013042315356688514 0.0010755755989495048 0.00107557559894924 0.006024273540877301 0.006825413761466059 0.0056335825879156864 0.005633582587910135 0.035717708991986896 1.9739765377835283e-13 1.9917401061775308e-13 1.9695356456850277e-13 4.014566457044566e-13 0.00023188710816841824
560 5.183654338226646 0.009513812613410787 0.0013488945014814397 0.0013880060559881497 0.0013880060559880321 0.009031015555397405 0.006822571403902522 0.005486537956690407 0.005486537956688409 0.019805882350323323 2.007283228522283e-13 1.971756091734278e-13 2.007283228522283e-13 4.1300296516055823e-13 0.00042050810470640077
570 5.2787676433828485 0.009509367862560434 0.0013873410518546072 0.0017881384927606416 0.0017881384927605302 0.01201410854158255 0.007649206679955167 0.007578094891720344 0.007578094891723008 0.023817219946027812 1.9984014443252818e-13 2.0472512574087887e-13 2.0627943797535409e-13 4.1744385725905886e-13 0.0004607970664947999
580 5.373842112667158 0.00950617291700448 0.001389303944544939 0.0021377670084864104 0.0021377670084863553 0.014357037375226657 0.008210300906040136 0.008065284638057335 0.008065284638050674 0.03419537271311768 2.0627943797535409e-13 2.0827783941967937e-13 2.0872192862952943e-13 4.289901767151605e-13 0.0003469646537038958
590 5.468897330597863 0.00950539284675628 0.0013639933678571347 0.0023325740702172036 0.0023325740702172357 0.01568636108637662 0.010514666940957706 0.00809474831184831 0.008094748311845645 0.04349084249268209 2.0894397323445446e-13 2.084998840246044e-13 2.120525977034049e-13 4.289901767151605e-13 0.00010650715354882393
600 5.563958960546181 0.0095071163940317 0.001352193742102287 0.002318911516487013 0.00231891151648703 0.015733824550485973 0.009439566198556015 0.008025771523537006 0.008025771523539671 0.04758124979273681 2.1582735598713043e-13 2.2248869413488137e-13 2.1671553440683056e-13 4.3876013933186186e-13 -0.00019504193388212294
610 5.659047070758383 0.009510301786437326 0.0013780308540941462 0.0021071127146626966 0.0021071127146626623 0.014408643700382995 0.008461511301050884 0.009619358261076627 0.009619358261082844 0.04483051244391856 2.1826984664130578e-13 2.1604940059205546e-13 2.1938006966593093e-13 4.46753745109163e-13 -0.00045603988473827677
620 5.754167779422146 0.0095133935269311 0.0014152372423228917 0.0017658526176211932 0.0017658526176212357 0.011877908751743407 0.008664584641821627 0.014627887697344466 0.014627887697352016 0.04220424114680377 2.2293278334473143e-13 2.262634524186069e-13 2.2226664952995634e-13 4.583000645652646e-13 -0.0005707491602391706
630 5.84931280246194 0.009515149880670775 0.0014192518414691835 0.0013961642226702495 0.0013961642226703042 0.008615746704544463 0.007651957376667795 0.015939553907371007 0.015939553907375892 0.05970009333965365 2.284838984678572e-13 2.298161660974074e-13 2.2715163083830703e-13 4.627409566637652e-13 -0.00048315809075064633
640 5.9444653604918996 0.00951506204417191 0.001380993264600019 0.0011045421340533984 0.0011045421340534442 0.005608734817228618 0.011115746399552595 0.013062303142155951 0.013062303142155951 0.06278206332199954 2.298161660974074e-13 2.324807013565078e-13 2.3070434451710753e-13 4.716227408607665e-13 -0.00022320478018023017
650 6.039607390240415 0.009513280809672658 0.0013399843191694983 0.001003680619749707 0.001003680619749733 0.005019541912182896 0.011495918466145616 0.006962119443118642 0.006962119443119086 0.050465074928073506 2.3225865675158275e-13 2.327027459614328e-13 2.320366121466577e-13 4.813927034774679e-13 0.00010696592884265943
660 6.1347249242843045 0.009510400266230528 0.0013408047426682855 0.0011698817731855885 0.0011698817731857125 0.007382596040711582 0.008159858017479982 0.006776471159191555 0.006776471159194664 0.027018312711142745 2.398081733190338e-13 2.360334150353083e-13 2.3736568266485847e-13 4.884981308350689e-13 0.00038743739529990975
670 6.229811864162981 0.009507359129172301 0.00137606152597459 0.0015291315330094833 0.0015291315330095466 0.010450180168202988 0.008571854832535086 0.006128655595782684 0.00612865559578224 0.019273082402611053 2.382538610845586e-13 2.384759056894836e-13 2.4136248555350903e-13 4.982680934517703e-13 0.0005327738565070717
680 6.324873082848638 0.00950535978733561 0.0013999406294567874 0.0019265424774412864 0.0019265424774413007 0.013167477421440405 0.008201572277675817 0.008614999682087898 0.008614999682084568 0.027433111522426223 2.48245868306185e-13 2.466915560717098e-13 2.460254222569347e-13 5.018208071305708e-13 0.0005093959687645563
690 6.419925385536642 0.009505500175881214 0.001391956440775052 0.00222558659200523 0.002225586592005182 0.015068868539741334 0.008532956128121105 0.007953846699276124 0.00795384669926813 0.037896519064109846 2.4558133304708463e-13 2.473576898864849e-13 2.495781359357352e-13 4.991562718714704e-13 0.00032669127584728153
700 6.514992831149433 0.009508097779527182 0.001382342484318577 0.002338265779528537 0.0023382657795285957 0.015823366194543095 0.009754148824274944 0.007856000590736434 0.007856000590737544 0.04597135348375181 2.531308496145357e-13 2.544631172440859e-13 2.546851618490109e-13 5.089262344881718e-13 3.243171101745155e-5
710 6.610096184635951 0.009512294631179757 0.0014133793304900136 0.002241412477605355 0.0022414124776055197 0.015233054272148971 0.007392117414101618 0.008493389871243817 0.00849338987124204 0.047675370257628025 2.537969834293108e-13 2.509104035652854e-13 2.5779378631796135e-13 5.10702591327572e-13 -0.0002824491777475902
720 6.705242952808425 0.009516508459062538 0.001481831251774239 0.001977835550663059 0.0019778355506631685 0.013319889277459186 0.007686973266799013 0.011830124231182682 0.011830124231183792 0.04251853094176816 2.569056078982612e-13 2.615685446016869e-13 2.653433028854124e-13 5.266898028821743e-13 -0.0005000326926763732
730 6.800425272049657 0.009519370125561104 0.0015436190823774909 0.0016367455975396252 0.0016367455975396443 0.01038997429834452 0.007933995289886475 0.015327088375900244 0.015327088375898468 0.050376232896221396 2.6290081223123707e-13 2.615685446016869e-13 2.6201263381153694e-13 5.417888360170764e-13 -0.0005292160922069518
740 6.895625494676478 0.009520243450795112 0.0015692262064277386 0.0013234637292718011 0.0013234637292716166 0.007114809415134498 0.0072702361475989186 0.014834561028142623 0.014834561028139959 0.061977821315754245 2.6201263381153694e-13 2.6401103525586223e-13 2.686739719592879e-13 5.346834086594754e-13 -0.00036156471277592724
750 6.990823234538791 0.009519106020507104 0.0015719176874799121 0.001141977204941202 0.0011419772049407943 0.004988869749263258 0.008578746543546512 0.010613619693282228 0.010613619693279341 0.05815407178104337 2.6689761511988763e-13 2.6778579353958776e-13 2.6756374893466273e-13 5.400124791776761e-13 -7.676685367947369e-5
760 7.086000061484164 0.009516311615419567 0.0015854390374248864 0.0011812109264979008 0.00118121092649741 0.006035201119999374 0.0070707962826708215 0.0057691397524577415 0.0057691397524528565 0.040368457409414304 2.7422508708241367e-13 2.6911806116913795e-13 2.7489122089718876e-13 5.60440582830779e-13 0.00020789256055701684
770 7.181143024657113 0.009512582747505108 0.0016202330004944417 0.00144068236808056 0.0014406823680801816 0.008898878189870027 0.006935069342654421 0.005810995683365849 0.0058109956833665155 0.01992057195668817 2.815525590449397e-13 2.7333690866271354e-13 2.760014439218139e-13 5.657696533489798e-13 0.00039730900467359353
780 7.276248752510478 0.0095090582253466 0.0016516550384227983 0.0018090842819492023 0.0018090842819489645 0.011834662050331459 0.00758535365956492 0.00621586826984144 0.006215868269838332 0.02213077880343839 2.7977620220553945e-13 2.8044233602031454e-13 2.815525590449397e-13 5.684341886080801e-13 0.0004438738984717986
790 7.371326402765057 0.009507008803509073 0.0016537526923489027 0.002148869938793415 0.002148869938793262 0.014183536768933965 0.008622252308192024 0.008076105938862543 0.008076105938875422 0.03241545109092403 2.851052727237402e-13 2.8399504969911504e-13 2.8177460364986473e-13 5.702105454474804e-13 0.00034032879783369666
800 7.466395654363674 0.009507207224526507 0.0016325548299058435 0.002349282511293466 0.002349282511293425 0.01555794188262904 0.011020346781807522 0.007862776102366187 0.007862776102378621 0.04208151662525772 2.8910207561239076e-13 2.8621549574836536e-13 2.857714065385153e-13 5.924150059399835e-13 0.00011130152525477577
810 7.561478571803613 0.009509408895726356 0.0016215272653567854 0.0023518409399466266 0.0023518409399466067 0.015680740161088343 0.009961622056828379 0.007812263075744674 0.007812263075756221 0.04643183369668957 2.8843594179761567e-13 2.922107000813412e-13 2.9332092310596636e-13 5.906386491005833e-13 -0.00018178819422278548
820 7.656589121491084 0.009512403124214629 0.0016414296339599995 0.002163756675507438 0.00216375667550737 0.014451095294179954 0.008354715439848892 0.009831670015873595 0.009831670015883809 0.04372736776427644 2.970956813896919e-13 2.937650123158164e-13 2.973177259946169e-13 5.986322548778844e-13 -0.0004410507022268018
830 7.751726856778653 0.009514694999502681 0.0016708601561291375 0.0018508693316161733 0.0018508693316161798 0.012024941930120596 0.008974813099440482 0.014796061220203605 0.01479606122021293 0.04369830058915536 2.9953817204386723e-13 3.0042635046356736e-13 2.986499936241671e-13 6.075140390748857e-13 -0.0005618804937177709
840 7.8468788410810095 0.009515333056619887 0.001670776051571451 0.0015085411171262024 0.0015085411171262598 0.008863523188009466 0.007940482030517337 0.01621697816827261 0.01621697816828105 0.06161499907204959 2.97983859809392e-13 2.999822612537173e-13 3.022027073029676e-13 6.057376822354854e-13 -0.0004857830582654181
850 7.942027381662066 0.0095142288828211 0.0016315979208209389 0.0012292685417469354 0.0012292685417470098 0.005910172295666286 0.011480697104747861 0.013562863576706441 0.013562863576713102 0.06550052341279056 3.0375701953744283e-13 3.0531133177191805e-13 3.0331293032759277e-13 6.217248937900877e-13 -0.00023789968863408088
860 8.037157631152668 0.009511913911220532 0.0015873362842647734 0.0011033564795893721 0.0011033564795895471 0.0051549159171872605 0.012108878661495126 0.007737962361010986 0.00773796236101898 0.05415565680130552 3.0619951019161817e-13 3.044231533522179e-13 3.077538224260934e-13 6.288303211476887e-13 8.41019242264739e-5
870 8.132261688605261 0.009509171093983948 0.0015790614132417077 0.0012143391428145879 0.0012143391428147707 0.007301889396322664 0.00892209413406131 0.007095070637049394 0.007095070637051393 0.031599283678341195 3.0953017926549364e-13 3.126388037344441e-13 3.1508129438861943e-13 6.350475700855895e-13 0.00036253113207948345
880 8.227340007646916 0.009506870878007525 0.0016048738037774818 0.0015329253636981901 0.0015329253636983437 0.010285038567130044 0.009250358517664647 0.00553256936388391 0.005532569363883466 0.019088661394984108 3.1752378504279477e-13 3.155253835984695e-13 3.1663560662309465e-13 6.403766406037903e-13 0.0005118773246814503
890 8.32240205295282 0.009505928592108621 0.001627049603457696 0.0019159083093573668 0.0019159083093575138 0.012988500263511931 0.009071609414414317 0.007316846181128378 0.007316846181124603 0.025473755225407402 3.248512570053208e-13 3.177458296477198e-13 3.2085445411667024e-13 6.3860028376439e-13 0.0004972512268719323
900 8.417465675590254 0.00950705270190726 0.0016263411086687024 0.002218063572630433 0.0022180635726305967 0.014917904584115318 0.008042165410964142 0.008481953680454568 0.008481953680440801 0.03554245197805184 3.2462921240039577e-13 3.219646771412954e-13 3.2107649872159527e-13 6.572520305780927e-13 0.00032597852244515885
910 8.512552167409034 0.009510204906973171 0.0016268823159066646 0.0023445009323498195 0.002344500932349948 0.01573084317138908 0.009493764916626457 0.007839242504079191 0.007839242504088961 0.04358127008495627 3.2218672174622043e-13 3.3240077357277187e-13 3.2662761384472105e-13 6.581402089977928e-13 4.258856504712493e-5
920 8.607676678556345 0.00951431498532845 0.0016632939353586587 0.002268684738409046 0.0022686847384091463 0.015221794112664794 0.007407578291928951 0.008094173191445675 0.008094173191473653 0.04595738642928815 3.33288951992472e-13 3.2929214910382143e-13 3.3151259515307174e-13 6.759037773917953e-13 -0.0002661294368746959
930 8.702840141727432 0.009517808228136795 0.0017316562234218605 0.0020317696140204713 0.0020317696140205164 0.013405275349609709 0.007477460709708561 0.012510256491075955 0.012510256491080174 0.04137401110999672 3.3306690738754696e-13 3.361755318564974e-13 3.326228181776969e-13 6.741274205523951e-13 -0.00048525652886120417
940 8.798029527086284 0.009519561096502283 0.0017928274124591676 0.0017204263738149863 0.0017204263738149353 0.010579168471682695 0.008033918979387433 0.015850269454723787 0.01585026945472534 0.05251247776426826 3.426148253993233e-13 3.4061642395499803e-13 3.3706371027619753e-13 6.874500968478969e-13 -0.0005233098123398043
950 8.893225464317524 0.00951934385162763 0.0018196143702320924 0.0014322025817088719 0.001432202581708732 0.007397901283613832 0.007513288091848036 0.015294296923886286 0.015294296923886286 0.06395293323210183 3.432809592140984e-13 3.3950620093037287e-13 3.381739333008227e-13 6.945555242054979e-13 -0.00036803114184820354
960 8.988410075035603 0.00951754438403066 0.0018229390837389955 0.001254260121527671 0.0012542601215274527 0.005255428532369577 0.008385626644398236 0.01110772457104936 0.011107724571049138 0.0603150783400177 3.510525203864745e-13 3.4283687000424834e-13 3.4439118223872356e-13 7.007727731433988e-13 -9.407009271550888e-5
970 9.083570777547909 0.009514766428065376 0.0018333453437420243 0.0012635609045896171 0.0012635609045894046 0.006068826548402933 0.007638550361489305 0.005829949751027685 0.005829949751026575 0.04293323893682288 3.483879851273741e-13 3.459454944731988e-13 3.4572344986827375e-13 7.069900220812997e-13 0.0001850222359478283
980 9.178701583336377 0.009511723234315563 0.0018624127404705724 0.001482674006911289 0.0014826740069111262 0.008783913441794546 0.0075720026869077195 0.005861394018762178 0.005861394018754629 0.020667744781288633 3.4772185131259903e-13 3.5416114485542494e-13 3.532729664357248e-13 7.096545573404001e-13 0.0003754750366688903
990 9.273804554938682 0.0095092935379828 0.0018903989036647354 0.0018272782683821718 0.001827278268382094 0.011673367444754017 0.007378722266123239 0.0062714705425543915 0.006271470542560387 0.021865613535331008 3.552713678800501e-13 3.530509218307998e-13 3.5482727867020003e-13 7.176481631177012e-13 0.0004289460642136488
1000 9.368890793767651 0.009508347756285906 0.0018940748521139937 0.0021620269937284455 0.002162026993728416 0.014031046342086441 0.008984627689759606 0.00810940552344741 0.008109405523446078 0.03047727673651668 3.637090628672013e-13 3.590461261637756e-13 3.608224830031759e-13 7.283063041541027e-13 0.0003360532361968112
1010 9.463977869303966 0.009509272165027336 0.0018770158206689246 0.002370263408863954 0.002370263408863971 0.015449125534342053 0.011533102530769668 0.008039032767512388 0.008039032767518606 0.04038305220252081 3.610445276081009e-13 3.6282088444750116e-13 3.630429290524262e-13 7.380762667708041e-13 0.00011827402998605437
1020 9.559082571083069 0.009511578586940243 0.0018671611527201362 0.0023889066237056185 0.0023889066237056627 0.01563967076574139 0.010575110814113664 0.007830308368565575 0.007830308368553585 0.04511368684707051 3.6504133049675147e-13 3.652633751016765e-13 3.6548541970660153e-13 7.460698725481052e-13 -0.00016671155197441601
1030 9.654212313511309 0.009514029348759723 0.001882572423475355 0.0022227522929909867 0.002222752292990981 0.014494505579101416 0.008402459666304818 0.010479312515807138 0.01047931251581069 0.04280986115569618 3.7192471324942744e-13 3.7325698087897763e-13 3.7325698087897763e-13 7.460698725481052e-13 -0.0004242201734070432
1040 9.749361084571069 0.00951532746313262 0.0019053192063673153 0.0019361214926321975 0.0019361214926320528 0.012163843720557618 0.009210260426128158 0.015289174463067212 0.015289174463071209 0.045812659177117965 3.679279103607769e-13 3.7636560534792807e-13 3.7414515929867775e-13 7.629452625224076e-13 -0.0005507522884067936
1050 9.844513345984346 0.009514884219318452 0.0019010307589416885 0.0016207162088112098 0.0016207162088110092 0.00910147416376406 0.008320314398241102 0.016546886808153083 0.016546886808163297 0.06347748525271868 3.781419621873283e-13 3.7614356074300304e-13 3.788080960021034e-13 7.673861546209082e-13 -0.0004858877874269699
1060 9.939652788948441 0.00951301710168054 0.0018606835910794854 0.0013586036634355785 0.0013586036634353816 0.006213801756310001 0.011610995195373786 0.013749458028486483 0.013749458028502026 0.06727712124194607 3.774758283725532e-13 3.7703173916270316e-13 3.814726312612038e-13 7.647216193618078e-13 -0.0002504238862465105
1067 10.0 0.0032741757217120693 0.0018294826019118918 0.001252065575298325 0.0012520655752981077 0.005282415211481926 0.01268834214979453 0.01024495606639464 0.01024495606640885 0.06173855893158908 3.75921516138078e-13 3.7969627442180354e-13 3.814726312612038e-13 7.718270467194088e-13 -5.32956140274928e-5
