#timestep time dt l2_rho l2_rho_v1 l2_rho_v2 l2_rho_e_total linf_rho linf_rho_v1 linf_rho_v2 linf_rho_e_total cons_rho cons_rho_v1 cons_rho_v2 cons_rho_e_total dsdu_ut 
0 0.0 0.0 0.0 0.0 0.0 0.0 0.0 0.0 0.0 0.0 0.0 0.0 0.0 0.0 -5.3033117726928e-6
10 0.014256446314361213 0.00195492334543837 0.0016800193403302727 0.002876566464945077 0.002876566464945079 0.008999510363023145 0.006803922630271408 0.01372145813051695 0.01372145813051695 0.036085960009811124 6.3859966203949625e-9 1.0885785162173534e-8 1.0885785162173534e-8 2.6635021299625805e-8 0.0003043991109953932
20 0.0376133196891274 0.0026097315106794424 0.004021639690051394 0.006861738067590085 0.006861738067590098 0.021406458735663464 0.012373145893743054 0.02221182070342298 0.02221182070342298 0.06627663309444998 1.681487749038979e-8 1.5060279690004563e-8 1.5060283686807452e-8 8.919179173005887e-9 0.0008162376867861647
30 0.06747951506551776 0.0033529674263388415 0.007022266244808285 0.011964218483564095 0.011964218483564132 0.03695020487073466 0.022077001790871797 0.03843330014372026 0.03843330014372026 0.12504967723534577 3.0010794294099696e-8 3.840443074665245e-9 3.840445739200504e-9 1.2231977386534254e-7 0.0019540653133258753
40 0.10737626285057902 0.004509954507461882 0.01090327298318426 0.01860477024559919 0.018604770245599173 0.05713213427417206 0.038926037776816136 0.06972265884273532 0.06972265884273487 0.22636927766801085 4.7206686559775335e-8 6.901015936477961e-8 6.901016225135947e-8 4.7576913519975506e-7 0.0033642708024908515
50 0.15603867731418786 0.005127859908827929 0.014688245589706625 0.02556203531303143 0.025562035313031434 0.07884506769997199 0.05557966872988218 0.10402093042872096 0.1040209304287183 0.34776424737372524 6.715219491582047e-8 2.020654104040176e-7 2.0206541129219602e-7 1.1443270171440645e-6 0.004387667048297503
60 0.2122248354697862 0.006118299330367382 0.01723498320298345 0.031380577544305406 0.03138057754430542 0.09838171016717427 0.05764818987577591 0.1159199302301901 0.1159199302301901 0.426633119311258 8.820503882844832e-8 4.0946168122779625e-7 4.0946168478050993e-7 2.1512952379509898e-6 0.005224240851292501
70 0.2800922600740051 0.007272909932422674 0.01892153902730135 0.03652083820862729 0.03652083820862716 0.11614044715622078 0.045090267139757945 0.12316705859526911 0.12316705859527088 0.40466253548444664 1.0992531240816561e-7 6.954998390540368e-7 6.954998401642598e-7 3.5144878847148675e-6 0.006993592903179229
80 0.3579546246631739 0.008215970557328874 0.020627245347077845 0.04190501035226539 0.04190501035226516 0.13286062694163803 0.041513661811472424 0.1417227789921227 0.1417227789921245 0.3653152291906485 1.2866336129846445e-7 1.0010720659092698e-6 1.0010720694619835e-6 4.955146089891116e-6 0.010180028038359967
90 0.44432308087820305 0.00884371835301731 0.02232999392174249 0.04783785623895731 0.04783785623895722 0.14908644822678255 0.07714308552312787 0.15851569264855647 0.15851569264855359 0.41776668064398503 1.4045451646182983e-7 1.2212808040423795e-6 1.2212808044864687e-6 5.987354467329453e-6 0.014288955568671624
100 0.5317793619588738 0.00858791588314982 0.02331150805636196 0.05332125072752898 0.05332125072752876 0.16274745341122 0.12849924328376416 0.2362640212172853 0.2362640212172924 0.5381383830594877 1.4192060149298413e-7 1.2501687254307114e-6 1.2501687263188899e-6 6.122481395642865e-6 0.018000465938740953
110 0.6153896426925729 0.008190430875690297 0.023584945994517232 0.05754750914189395 0.057547509141893695 0.17208434270122763 0.15966831654295266 0.2500776867425405 0.25007768674255026 0.6668212865199159 1.333613561804725e-7 1.0862258956745308e-6 1.0862258958965754e-6 5.354781305477729e-6 0.020346159057951663
120 0.695738273249659 0.007929857842563304 0.024001266375276522 0.060429166379765864 0.06042916637976555 0.17667954848608358 0.15298644559459396 0.26043957982651955 0.2604395798265142 0.7767932030212212 1.1650284381659048e-7 7.965591557468343e-7 7.96559157079102e-7 3.9922761976285415e-6 0.02117569839797865
130 0.7742564375861041 0.007806922851406161 0.02579183677917696 0.06218035802755025 0.06218035802754999 0.17653930839964457 0.1508162910219022 0.27530333016540154 0.27530333016539443 0.8182698786295397 9.28844050562816e-8 4.648998821465966e-7 4.6489987970410596e-7 2.417144914446112e-6 0.020681673304654726
140 0.8522085669887669 0.0078025602654977445 0.02999679886961457 0.06320668282798406 0.06320668282798368 0.17193057853355945 0.2251108034967928 0.28565106804358487 0.28565106804359 0.8302954624548615 6.386969664262665e-8 1.759255214839328e-7 1.7592552237211123e-7 1.0152088538717408e-6 0.019265309876559153
150 0.9307407295547774 0.007912493933627222 0.036923930693293375 0.06409172430150221 0.06409172430150198 0.16349563076458076 0.2911642918194983 0.2943519122557554 0.2943519122557525 0.7367600899278788 3.0789910177020374e-8 5.801148450501614e-9 5.801152891393713e-9 1.3386989916597258e-7 0.01752332788344351
160 1.0110805265607539 0.008156384263285268 0.04623561585403869 0.06550907623557652 0.06550907623557625 0.15240674188811792 0.34777446483938856 0.3180103247003172 0.31801032470033186 0.6329826008088109 4.964105349003489e-9 1.2832453322175752e-8 1.2832456208755616e-8 4.0371729070898255e-8 0.016072218529828684
170 1.0948121694945767 0.008581968772300231 0.05737319439911836 0.06799529017691343 0.06799529017691314 0.14040338197151792 0.3851871943312124 0.37540582503214703 0.3754058250321475 0.5945011361878874 4.1858844612718826e-8 2.2800602805794767e-7 2.2800602605954623e-7 8.795212211865078e-7 0.015278483683218843
180 1.183920594802795 0.009199138555698667 0.06978353121941976 0.07165577255436452 0.0716557725543644 0.12956803402199032 0.37733061509424437 0.5040626509812591 0.5040626509812396 0.6121102722350376 7.790297229526288e-8 6.421543599088864e-7 6.421543596868418e-7 2.617034269292162e-6 0.015104708277832616
190 1.2789195215156544 0.009677399115437515 0.08277462807704794 0.07595299552094319 0.07595299552094308 0.12170170624745187 0.28914267861811416 0.5802657255570087 0.5802657255569914 0.934850558865314 1.0958981744302321e-7 1.172718660402694e-6 1.1727186624010955e-6 4.8936697005785845e-6 0.015035243322933703
200 1.3756874253901235 0.00960061437533556 0.0953464923824287 0.07994539292129473 0.07994539292129484 0.11707505682260466 0.3216162698431655 0.5809231944311266 0.580923194431135 0.9919971045325053 1.3189140002367594e-7 1.6395338608976573e-6 1.639533859343345e-6 6.916282533353524e-6 0.014235915763218095
210 1.4697200420594942 0.009225301255182748 0.1069345886174949 0.08326076471075007 0.08326076471074995 0.1142258919768922 0.35199303543114935 0.5540875508114682 0.5540875508114766 0.7706223120468803 1.4198609843418808e-7 1.8762035287611667e-6 1.8762035300934343e-6 7.945964594746613e-6 0.012319414301820545
220 1.5598824771005804 0.00886198569044545 0.11752458416629004 0.08625198635369313 0.08625198635369324 0.11186735639924429 0.6237973439761197 0.4505812461533354 0.4505812461533458 0.6552699825573622 1.4011444227080005e-7 1.831128550566774e-6 1.8311285523431309e-6 7.749678029966844e-6 0.009583300942318055
230 1.6472223105941743 0.008657816758591558 0.1271476684553792 0.08932162524415323 0.08932162524415314 0.10964733751870669 0.9757511499056557 0.3231837991191231 0.32318379911912487 0.567197561606787 1.276453458487481e-7 1.5447085996989074e-6 1.5447086030295765e-6 6.504430064779854e-6 0.006650223312248893
240 1.7335705107707873 0.008643253385650062 0.1356647079012969 0.09251792363938316 0.09251792363938317 0.1077327778269091 1.2639305481437813 0.510007277818505 0.5100072778185147 0.46512996046590427 1.0592434795952954e-7 1.1033763935852647e-6 1.1033763960277554e-6 4.594458627771303e-6 0.0042330047438730095
250 1.8207085665479437 0.00879394269868244 0.1427381735220113 0.09549426654204216 0.0954942665420421 0.10633703855847522 1.4504804323584346 0.6843817702377657 0.6843817702377795 0.49047190792616835 7.615727870557976e-8 6.174513911272328e-7 6.174513966783479e-7 2.5119808793050424e-6 0.002896799905082083
260 1.91013945408665 0.00908542963515178 0.14789215795125712 0.09763606759908906 0.09763606759908905 0.10532306553116663 1.5066516575665667 0.7702183739469253 0.7702183739469342 0.533800450935078 3.9732829026917216e-8 2.0987275384243276e-7 2.0987274962358526e-7 8.053625508708251e-7 0.00284916747025621
270 2.0032105172685677 0.009505596653725305 0.150620658695157 0.09826669907120743 0.09826669907120744 0.10401143051772246 1.4106457879780439 0.7647287444233046 0.764728744423314 0.48211919253981783 1.4384733404426697e-9 3.0042310861233545e-9 3.004229309766515e-9 8.484271063480264e-9 0.003946286222244748
280 2.10083093265365 0.009956945743021977 0.15052607235069307 0.09690388373037366 0.09690388373037376 0.10156068623621291 1.1475024343719 0.6687090371296858 0.6687090371297004 0.4989751116291661 4.4429228740483495e-8 5.537806013755642e-8 5.5378062358002467e-8 4.047036332721632e-7 0.006000881393678125
290 2.201374145103892 0.010036612236410303 0.14765051222966555 0.09364984643175792 0.09364984643175803 0.09813101275188045 0.7273266425899112 0.6799456834787165 0.6799456834787223 0.5490713318507954 8.433358811288372e-8 3.661643868113629e-7 3.6616438126024775e-7 1.9429073683241427e-6 0.0092341314540986
300 2.2989278824678605 0.009431211809629763 0.14300876448534483 0.08958946203596278 0.0895894620359628 0.0959823901062711 0.6250981672353537 0.6609254169240129 0.6609254169240124 0.5732359933084696 1.1510767761180318e-7 7.745636219080865e-7 7.745636205758188e-7 3.888413273145375e-6 0.014210810785089225
310 2.3875712869382486 0.008363925248838586 0.13819982301006928 0.08623310947297046 0.08623310947297042 0.09790397482746657 0.6065097659326228 0.5840167116409087 0.5840167116409118 0.5950759898116371 1.3382600672073863e-7 1.0948353321715842e-6 1.0948353279527367e-6 5.395150103559843e-6 0.020787322645613365
320 2.465314884106152 0.007332905360264153 0.1342821825583336 0.08441046833121613 0.08441046833121595 0.10425380160026763 0.6676099295350018 0.48422469131498835 0.4842246913149928 0.6233116873473783 1.4178482921067825e-7 1.247481194122102e-6 1.2474811927898344e-6 6.109912380480864e-6 0.027597622367559953
330 2.5346522328238184 0.006673881581407952 0.13146828512465228 0.08409730553903996 0.08409730553903991 0.11340210411932843 0.9749752156680803 0.4059766743079072 0.40597667430792406 0.6540036376802156 1.4178643104045818e-7 1.2475128992051054e-6 1.2475129038680421e-6 6.110060686737029e-6 0.033237772998611324
340 2.600163521311441 0.0065506106944225 0.1296135400764708 0.08501142124225176 0.0850114212422514 0.12388395818949993 1.204384058516498 0.4648887850125667 0.46488878501256337 0.6801920455532628 1.356272512076373e-7 1.1285220999912582e-6 1.128522097326723e-6 5.553044950978858e-6 0.03713035615892895
350 2.6695570848146213 0.007502194637190697 0.12856898108575468 0.08707866387277906 0.08707866387277888 0.13541700866043188 1.3726485908655226 0.581510697850045 0.5815106978500411 0.7301895501794511 1.2286917971948697e-7 9.007669843352772e-7 9.007669832250542e-7 4.483493682094775e-6 0.03933132186833983
360 2.7503849288217443 0.008267900221700679 0.12843223991562033 0.09045634748782937 0.0904563474878291 0.14787843450184796 1.465947548473044 0.6917946499555039 0.6917946499554979 0.7512365003375105 1.0073310097169497e-7 5.655144097449494e-7 5.655144104110832e-7 2.897380817046269e-6 0.02882737384309315
370 2.8342834441373888 0.008221769297086717 0.1291738719102708 0.09447940794348289 0.0944794079434825 0.15881555637914346 1.4487169935546955 0.7557161449701497 0.7557161449701455 0.7346317682298511 7.094630438686522e-8 2.343636467116994e-7 2.3436364471329796e-7 1.3029485730342572e-6 0.02595605309710225
380 2.9169247311126356 0.008545926091480032 0.1304441891326337 0.09850237552029119 0.09850237552029073 0.16710506355270888 1.3447563007444887 0.7611234657747663 0.7611234657747623 0.722163714422392 3.680374582870627e-8 2.4103541829134656e-8 2.4103538054376372e-8 2.3727917142224442e-7 0.024459602373526908
390 3.0031683121816255 0.008553312945995505 0.1321597036417395 0.10249410001739268 0.10249410001739229 0.17258363071473548 1.18705847273649 0.7457871573776504 0.7457871573776458 0.6980851497477611 1.4197976128116352e-9 3.2797347060409265e-9 3.2797324855948773e-9 9.78962155784302e-9 0.02172763230149499
400 3.089078942093394 0.0086937582820392 0.13411093384731795 0.10609090382446286 0.10609090382446254 0.17451666209610286 0.9935249829848827 0.7347207534552345 0.7347207534552247 0.7816362920102913 3.9396399920121894e-8 2.0706716119534008e-7 2.0706716585827678e-7 7.93914975538712e-7 0.018431746746012667
410 3.1775972643555406 0.008957637866705474 0.13630155938117886 0.10929905666517883 0.1092990566651786 0.1730788134327667 0.7401705078274567 0.7625466136632515 0.7625466136632477 1.0584640299739592 7.551438874209282e-8 6.084725951982506e-7 6.08472596086429e-7 2.473826431703685e-6 0.015416279309693122
420 3.267838690414115 0.009061293576862896 0.13887478106485335 0.1120631258528572 0.11206312585285723 0.16878185089865264 0.5241318832175113 0.8102765275118813 0.8102765275118846 1.3290398908734766 1.0634624225680511e-7 1.1112503544019603e-6 1.1112503512933358e-6 4.628414872698272e-6 0.013689635543010902
430 3.3586643523341313 0.009092196735311319 0.1422118327532934 0.11446450845091881 0.1144645084509186 0.1623793195186707 0.4912045738917272 0.7975465093727556 0.797546509372763 1.5206561992698457 1.288004849442359e-7 1.5702271547457514e-6 1.5702271534134837e-6 6.615220685013412e-6 0.01370135267456346
440 3.4494917796266127 0.009066625594931483 0.14683375425274445 0.11674738883071646 0.11674738883071625 0.1543297647377379 0.4861631515962572 0.7221517087555025 0.7221517087555134 1.59236424134366 1.408392205082265e-7 1.8485169686055514e-6 1.8485169683835068e-6 7.825389272575478e-6 0.01498178848652783
450 3.539844891769383 0.00900931995433413 0.15313479734509494 0.1192659054397716 0.1192659054397716 0.14478071629206626 0.9628920656812219 0.5863957156428403 0.5863957156428532 1.5400580707972455 1.4151505367543393e-7 1.864806250528872e-6 1.8648062478643368e-6 7.896325598721887e-6 0.016298692508383707
460 3.6297129149893164 0.008974605764967402 0.16113703997496415 0.12236478756722272 0.12236478756722287 0.13401890183881252 1.3712154597221295 0.4415305966368397 0.44153059663684946 1.3867795264061695 1.3095135864560348e-7 1.6182972861766842e-6 1.6182972804035245e-6 6.824008178085705e-6 0.016226047125139705
470 3.719470696550015 0.008982588970490807 0.170382093197082 0.1261830630101198 0.1261830630101201 0.12302967801832827 1.643019381508371 0.5859089268149953 0.585908926815006 1.1669350697612604 1.100501880735294e-7 1.181573289654736e-6 1.181573289654736e-6 4.9319043142759256e-6 0.013800171649971096
480 3.8094861893965013 0.009020217241712838 0.1800064690299028 0.1304841683601232 0.13048416836012344 0.11371257957580752 1.7242410155753043 0.7642735680501449 0.7642735680501556 0.9174096395363871 8.036094500951663e-8 6.777360916920827e-7 6.777360928023057e-7 2.768549291154443e-6 0.008977887157675866
490 3.8999754336315733 0.009074143353162374 0.1890028935554647 0.13464299678669917 0.13464299678669941 0.10825620642529712 1.5837091565284007 0.8309480691508448 0.8309480691508613 0.6762803560558757 4.408601017580338e-8 2.4775302520652076e-7 2.4775302032153945e-7 9.605877471230428e-7 0.0027825676590670584
500 3.9910081977113054 0.00912200102086122 0.19654658370984968 0.13783664883288302 0.13783664883288335 0.10759975741187042 1.2186501009453803 0.798232271884447 0.7982322718844612 0.48425341221107665 4.028761546592818e-9 1.0122003901713583e-8 1.0122000348999904e-8 3.144851135061799e-8 -0.0028629572138759323
510 4.081973939949787 0.009027029685086634 0.20221129871643503 0.13936925841040151 0.13936925841040196 0.11032324864633376 0.8456165327550027 0.8113591180124939 0.8113591180125117 0.3837960252290489 3.6326699870414814e-8 2.244704844223122e-8 2.2447043335205308e-8 2.2815533462505755e-7 -0.005465777310775322
520 4.168370834271424 0.008142994600481214 0.2059825894017128 0.13910914455572604 0.13910914455572657 0.11357918668371247 0.857579875145654 0.9033351837864416 0.9033351837864634 0.4030290187099048 7.197554419136054e-8 2.435106940534837e-7 2.435106942755283e-7 1.3477126978855836e-6 -0.002893473450411754
530 4.240841920163891 0.006482904178666785 0.2082584576705684 0.13786556343110734 0.13786556343110742 0.11559998916403584 0.8283621341252834 0.9094248062654173 0.9094248062654342 0.5146310517600741 9.791203359199585e-8 5.282514472515487e-7 5.282514479176825e-7 2.719823835484192e-6 0.004437841578774875
540 4.296779209340202 0.004902882695276568 0.20968550506000302 0.13659039945958884 0.13659039945958906 0.11669791754047243 1.039614917821595 0.8706949195244542 0.8706949195244724 0.6619293849897758 1.1453643500303201e-7 7.656458345106643e-7 7.65645834066575e-7 3.84628396243869e-6 0.01635815789894715
550 4.338327287657961 0.003579790508165437 0.210658007320113 0.1356708686354652 0.1356708686354654 0.11751455087549503 1.3619268986928432 0.8207240043213813 0.8207240043214004 0.8132750733566767 1.246253922282392e-7 9.306211075088555e-7 9.306211072868109e-7 4.623984037444018e-6 NaN
560 4.36770447041919 0.002421507392942426 0.21133808453269984 0.1351530793602493 0.13515307936024976 0.11828460433631116 1.5796514368440207 0.785771974674669 0.7857719746746787 0.9541967692965159 1.3048804969884031e-7 1.033742027978235e-6 1.0337420262018782e-6 5.108547473930969e-6 NaN
570 4.385967458123155 0.0013825145999518977 0.2117739993126666 0.13497054212469498 0.13497054212469511 0.11893229804515394 1.712133190792861 0.8926190190967311 0.8926190190967407 1.0652056800017715 1.3357562433924386e-7 1.09019446004055e-6 1.0901944631491745e-6 5.373389960539043e-6 NaN
580 4.395931080919391 0.0007428157245204457 0.2120243767430027 0.13498592013009958 0.13498592013009977 0.11935854604109306 1.785284657443308 0.9566122723772119 0.9566122723772191 1.135804988169494 1.350753486839551e-7 1.1181487344913421e-6 1.1181487338252083e-6 5.504433225667071e-6 NaN
590 4.4014054122942 0.0004207775775827968 0.21216993040153984 0.1350879728582362 0.13508797285823648 0.11967263590581137 1.826887071191455 0.9946078460313604 0.9946078460313679 1.1762532004861659 1.3584309721537124e-7 1.1325944484497086e-6 1.1325944513362884e-6 5.572126085873208e-6 NaN
600 4.404397156155099 0.00016471744791709988 0.2122537126071458 0.13521525318607877 0.135215253186079 0.12010368746483906 1.8505928414986317 1.016381386936429 1.016381386936436 1.1968092167825914 1.362457129339134e-7 1.1402064434840042e-6 1.1402064472587625e-6 5.607789234751692e-6 NaN
610 4.406252951898139 0.00016755236179635737 0.21230774255685972 0.135353512912602 0.1353535129126022 0.1209739320309672 1.8659052436747143 1.0301217786115924 1.0301217786116001 1.207283947689961 1.3648941310506757e-7 1.1448261210134092e-6 1.1448261210134092e-6 5.6294307109183706e-6 NaN
620 4.4076521071892705 0.00011851263286563776 0.21234959405408432 0.13552220260757653 0.13552220260757655 0.12306607491371938 1.8779275056361406 1.0403654863260239 1.040365486326031 1.2123395298687978 1.3667007570106193e-7 1.1482568802456683e-6 1.1482568795795345e-6 5.645501441442491e-6 NaN
630 4.408625867929836 8.230176599278934e-5 0.21237928673050308 0.1357060588359943 0.13570605883599474 0.1274087501993283 1.8866486345283198 1.0471532652012323 1.047153265201239 1.6518974722829771 1.3679425325818784e-7 1.1506179089515456e-6 1.1506179073972334e-6 5.656560696287727e-6 NaN
640 4.409307847975566 5.811985826677641e-5 0.21240032506140635 0.1358994861651896 0.1358994861651898 0.13543783247999602 1.8930015062433387 1.0514489761687695 1.0514489761687769 2.4740054962526092 1.3688045985560393e-7 1.1522583869272296e-6 1.152258392922434e-6 5.66424458803283e-6 NaN
650 4.409794326294765 4.183415570426542e-5 0.21241543033443067 0.13609968998211017 0.13609968998211042 0.1489038589381256 1.8977018281352298 1.054006990600026 1.0540069906000342 3.521056475358118 1.3694156519861167e-7 1.153421988808745e-6 1.1534219879205665e-6 5.6696946622025735e-6 NaN
660 4.410147623441716 3.061244360966046e-5 0.21242644920239212 0.1363048422381194 0.13630484223811967 0.16966472075091585 1.901232361449843 1.0553468345849133 1.055346834584922 4.834778743985257 1.3698574230502913e-7 1.1542635809380641e-6 1.1542635751649044e-6 5.673636435332696e-6 NaN
670 4.410408018207198 2.269875960713851e-5 0.21243461484247528 0.13651336200742772 0.13651336200742814 0.19945160922925564 1.903916471584873 1.0558244047743208 1.055824404774329 6.463465380121189 1.370181927917713e-7 1.154882002918356e-6 1.1548820024742668e-6 5.676532928156064e-6 NaN
680 4.410602193186582 1.7005960942127846e-5 0.2124407598820876 0.13672367635849747 0.1367236763584977 0.2397578789433539 1.9059758643076794 1.0739556756765252 1.0739556756765065 8.46049244807284 1.3704233303712954e-7 1.1553421253029938e-6 1.1553421284116183e-6 5.6786879749637365e-6 NaN
690 4.4107483150012925 1.2844562499191876e-5 0.2124454539354413 0.13693413445515634 0.13693413445515618 0.2918592829274989 1.9075666984655475 1.1079470138493734 1.1079470138493552 10.881774790159195 1.370604643113893e-7 1.1556878007912275e-6 1.1556878030116735e-6 5.680306980337946e-6 NaN
700 4.4108563675306725 9.711959019493454e-6 0.2124490191355862 0.13713632476571702 0.13713632476571705 0.35485264802264793 1.9087712878616026 1.157656947077724 1.157656947077712 13.693647069799114 1.3707384827199576e-7 1.1559430990182307e-6 1.1559430983520969e-6 5.68150266655465e-6 NaN
710 4.410941042273499 7.515041484416242e-6 0.21245191620665452 0.13733807893217959 0.1373380789321797 0.4327755036112202 1.909735900470649 1.2103817372424177 1.2103817372424062 17.0843185825271 1.370843327741511e-7 1.1561429702489079e-6 1.1561429733575324e-6 5.68243876930552e-6 NaN
720 4.411006315255032 5.788414778704247e-6 0.21245422657253676 0.1375345586167778 0.13753455861677816 0.5254689476367359 1.9104946134257272 1.2598279545839424 1.2598279545839313 21.05206123247647 1.3709239965464803e-7 1.1562969306488924e-6 1.1562969282064017e-6 5.683159830738305e-6 NaN
730 4.411056676201112 4.475020943771563e-6 0.2124560656136749 0.13772396568067194 0.13772396568067197 0.6330725697303047 1.9110909242147052 1.305907969797645 1.305907969797634 25.610022206904034 1.3709862090038882e-7 1.1564156494614508e-6 1.1564156483512278e-6 5.683715861515282e-6 NaN
740 4.411095719906816 3.4784719985464257e-6 0.2124575326937666 0.13790524398898676 0.13790524398898693 0.7555023946194761 1.9115611241798482 1.3486918896434348 1.3486918896434235 30.76110952888768 1.3710343838013728e-7 1.1565076465380741e-6 1.1565076531994123e-6 5.684146741735674e-6 NaN
750 4.411126160423983 2.719173021924741e-6 0.21245870676542633 0.13807755115488235 0.13807755115488282 0.8922094502254087 1.9119334260993586 1.3882666400980508 1.3882666400980392 36.48758233567612 1.3710719759529866e-7 1.1565793560652793e-6 1.156579357397547e-6 5.684482565548876e-6 NaN
760 4.411150021287101 2.1361892879795663e-6 0.21245964926083133 0.13824010455764463 0.13824010455764477 1.0420047093725948 1.912229389292956 1.4247019703974937 1.4247019703974817 42.74397139591019 1.3711013258088656e-7 1.1566355448966448e-6 1.1566355511138937e-6 5.684745718603779e-6 NaN
770 4.411168800380248 1.6831482299439439e-6 0.21246040729510632 0.13839204243996864 0.13839204243996897 1.202818531458026 1.9124653072269597 1.4580241712531634 1.4580241712531512 49.447343845800916 1.3711245783198933e-7 1.1566797624151803e-6 1.156679760860868e-6 5.6849527885205475e-6 NaN
780 4.411183591586425 1.3238622339358967e-6 0.21246101619053326 0.1385322019730603 0.13853220197306046 1.3712711331738168 1.9126532685074582 1.4881743203825053 1.4881743203824929 56.45969525678063 1.3711427415685762e-7 1.1567145814517232e-6 1.15671458322808e-6 5.68511587761833e-6 NaN
790 4.4111953562224215 1.0818075522558055e-6 0.21246150913434186 0.13866095665422512 0.13866095665422531 1.5450249355375212 1.912804310018603 1.5154012512767532 1.5154012512767412 63.68598177349459 1.3711572188768173e-7 1.156742272856448e-6 1.1567422781855186e-6 5.685245549891249e-6 NaN
800 4.411205347720027 9.369946128153465e-7 0.21246193469553157 0.13878607326038156 0.13878607326038164 1.7332229191688628 1.912933800826424 1.5414498792701505 1.5414498792701388 71.50769196763025 1.3711695467932827e-7 1.1567657938194031e-6 1.1567657891564664e-6 5.685355681350757e-6 NaN
810 4.411214089262417 8.274312465673241e-7 0.2124623129761582 0.13891091851395931 0.1389109185139595 1.9420279457326979 1.913048121670171 1.5670593926556673 1.5670593926556555 80.18135676648625 1.3711803514837584e-7 1.1567863640316034e-6 1.1567863662520494e-6 5.6854520327220825e-6 NaN
820 4.41122183412477 7.316303564032358e-7 0.21246265343948034 0.13903699729906016 0.1390369972990604 2.1764209553398026 1.9131503104768006 1.5925519155835186 1.5925519155835068 89.91399107227647 1.371189806143036e-7 1.1568045898968649e-6 1.1568045890086864e-6 5.6855373946618215e-6 NaN
830 4.411228681967337 6.48498980939367e-7 0.21246295923168224 0.1391640758017156 0.13916407580171586 2.4390952130585806 1.9132414575253571 1.617887227285397 1.6178872272853853 100.81747513409071 1.3711982482789153e-7 1.1568207081147364e-6 1.1568207063383795e-6 5.685612862293965e-6 NaN
840 4.4112347778946726 5.781275156198197e-7 0.21246323576224357 0.13929309207816806 0.13929309207816842 2.7357725548170313 1.9133233014209237 1.6432561282393041 1.643256128239292 113.12934597528127 1.3712057311821013e-7 1.1568350515300807e-6 1.156835053084393e-6 5.685680018352457e-6 NaN
850 4.41124020095237 5.122883233835432e-7 0.21246348570011964 0.1394241175262649 0.13942411752626507 3.0712999992084127 1.9133967398001046 1.6686721953918953 1.668672195391883 127.05075290723666 1.3712123791975728e-7 1.156847813987838e-6 1.1568478153201056e-6 5.685739785654675e-6 NaN
860 4.411244987127585 4.517994249812992e-7 0.2124637098320524 0.13955619570296665 0.13955619570296685 3.44819211358124 1.9134621074925473 1.6939528793666871 1.693952879366675 142.68606623888002 1.371218254497819e-7 1.1568590763122444e-6 1.156859077644512e-6 5.685792524801059e-6 NaN
870 4.41124921600264 4.017702279948132e-7 0.21246391106542709 0.13968950005229983 0.13968950005229974 3.872220762244421 1.9135203510855117 1.7191371617819489 1.7191371617819369 160.2747953934207 1.3712234236962217e-7 1.1568690245766788e-6 1.1568690245766788e-6 5.685839116864599e-6 NaN
880 4.411252984585369 3.561363238372211e-7 0.21246409332679533 0.13982530919929992 0.13982530919929984 4.35423780858062 1.9135726898558547 1.7444668414987945 1.7444668414987827 180.26711724357534 1.3712280244604358e-7 1.1568778943704672e-6 1.1568778963688686e-6 5.685880645422969e-6 NaN
890 4.411256327028237 3.167871536320089e-7 0.2124642576652147 0.13996318363546667 0.13996318363546661 4.9009532771831354 1.9136194975767746 1.7698571897261293 1.7698571897261173 202.9413772856624 1.3712320656722454e-7 1.156885754527437e-6 1.156885754527437e-6 5.685917467523893e-6 NaN
900 4.4112592743601375 2.7665290888444443e-7 0.2124644050195424 0.1401024380301778 0.14010243803017747 5.518393471456005 1.913661113734268 1.7951832630063782 1.7951832630063667 228.54757595048494 1.3712356849993057e-7 1.1568927007488128e-6 1.1568926969740545e-6 5.685949942879631e-6 NaN
910 4.411261870158521 2.465198945674269e-7 0.21246453701362977 0.1402429546138258 0.14024295461382583 6.21542179371995 1.9136980663288337 1.8204275414473192 1.8204275414473077 257.45337967929294 1.3712388735598324e-7 1.156898799203887e-6 1.1568988018684223e-6 5.685978540448389e-6 NaN
920 4.411264179217633 2.1796182478740532e-7 0.21246465646964538 0.14038629888583407 0.14038629888583412 7.01181577585225 1.9137312045896457 1.8458703242562908 1.8458703242562793 290.479046964043 1.3712417024080992e-7 1.1569042333015034e-6 1.1569042348558156e-6 5.686003977878329e-6 NaN
930 4.411266205688671 1.9160561059770537e-7 0.212464763167066 0.14053069464977597 0.14053069464977583 7.911247057443464 1.913760522629575 1.8711960570600787 1.8711960570600672 327.77693392050134 1.3712440960489403e-7 1.1569090123675352e-6 1.1569090059282416e-6 5.6860263137892275e-6 NaN
940 4.41126800265645 1.7013208733187752e-7 0.21246485949479021 0.14067777440940904 0.14067777440940915 8.939405233975618 1.9137867292170407 1.8966913153882703 1.896691315388259 370.41245587699206 1.3712463298176658e-7 1.1569132365440993e-6 1.1569132367661439e-6 5.686046122832522e-6 NaN
950 4.411269589367321 1.4935682789216245e-7 0.21246494613374323 0.14082715780444188 0.1408271578044419 10.113054530945481 1.9138100549587094 1.9222866201290398 1.9222866201290283 419.080909856329 1.3712482438421603e-7 1.1569169722225325e-6 1.1569169746650232e-6 5.6860635950783944e-6 NaN
960 4.411270969176821 1.2886136313801436e-7 0.21246502290367345 0.14097660174245438 0.1409766017424545 11.433208251717101 1.9138304999457885 1.9476019105082951 1.9476019105082838 473.8244551586351 1.3712498647677762e-7 1.1569202187367011e-6 1.1569202211791918e-6 5.686078801581118e-6 NaN
970 4.411272168912333 1.1305726101977524e-7 0.21246509093519012 0.14112593962464887 0.14112593962464856 12.915758655454846 1.9138484150356068 1.972619846091475 1.9726198460914637 535.302254076794 1.371251339143953e-7 1.1569230440322542e-6 1.156923042477942e-6 5.686092027445966e-6 NaN
980 4.411273223373719 9.974266000572064e-8 0.21246515189614634 0.14127673809679142 0.14127673809679103 14.59828646128002 1.9138642815933373 1.9976093522831877 1.9976093522831762 605.0728445738114 1.3712526225617694e-7 1.1569255320420524e-6 1.1569255287113833e-6 5.686103652813301e-6 NaN
990 4.4112741563311975 8.815121851400608e-8 0.21246520691525708 0.1414301720988641 0.14143017209886408 16.524521840184498 1.9138784270398392 2.0227639969160442 2.022763996916033 684.9497905166021 1.3712537505483624e-7 1.1569277282852397e-6 1.1569277293954627e-6 5.6861139317021525e-6 NaN
1000 4.411274977954787 7.738635655086738e-8 0.21246525637212035 0.14158576166365508 0.14158576166365516 18.725407560961546 1.9138909793289807 2.048002184101797 2.0480021841017857 776.2164169161126 1.3712546920174873e-7 1.1569296616276148e-6 1.1569296629598824e-6 5.686122979575714e-6 NaN
1010 4.411275696365181 6.740908190100657e-8 0.2124653005365805 0.14174250488973544 0.14174250488973544 21.22570122452113 1.9139020377932108 2.0731623806228083 2.0731623806227972 879.8995793687659 1.3712555224643097e-7 1.1569313580483964e-6 1.1569313547177273e-6 5.686130905679931e-6 NaN
1020 4.411276317783668 5.791123932886341e-8 0.21246533956739244 0.14189861467436113 0.14189861467436116 24.033126794446904 1.9139116744827414 2.0979655252230396 2.0979655252230285 996.3197778702618 1.371256255211506e-7 1.1569328199900752e-6 1.156932822432566e-6 5.686137749094655e-6 NaN
1030 4.41127685760243 5.1030020589721795e-8 0.21246537422018352 0.14205456654376708 0.14205456654376694 27.192718722112943 1.9139201068606946 2.1224977019859583 2.1224977019859472 1127.3447292097571 1.3712569124635365e-7 1.1569340951922413e-6 1.156934094304063e-6 5.6861437132127435e-6 NaN
1040 4.411277334581314 4.5043908442532674e-8 0.21246540553167909 0.14221306422895755 0.14221306422895746 30.81224086564092 1.9139276114913473 2.1471868965168275 2.1471868965168173 1277.443522072119 1.3712574808977251e-7 1.1569352185158976e-6 1.156935218293853e-6 5.686148976558059e-6 NaN
1050 4.411277754375465 3.9550693347722125e-8 0.2124654337345268 0.14237371669582127 0.14237371669582083 34.95320647384147 1.9139342640551742 2.1719694945157175 2.1719694945157073 1449.1673379849528 1.3712579560731797e-7 1.156936209723014e-6 1.1569362079466572e-6 5.68615360130309e-6 NaN
1060 4.411278122220996 3.460583744893543e-8 0.21246545904488795 0.14253597527283932 0.14253597527283918 39.67872305768054 1.9139401352407073 2.196760348168439 2.1967603481684277 1645.133502912739 1.3712583513125765e-7 1.1569370808039992e-6 1.1569370801378653e-6 5.686157654061219e-6 NaN
1070 4.4112784436964265 3.0218051592744054e-8 0.2124654817156904 0.14269949666508883 0.14269949666508874 45.06315216891799 1.9139453028840372 2.2215084581880395 2.2215084581880293 1868.426074822248 1.371258737670189e-7 1.1569378388642804e-6 1.1569378397524588e-6 5.686161204110363e-6 NaN
1080 4.411278724216574 2.6355147259194948e-8 0.21246550200532763 0.14286407280583838 0.14286407280583835 51.19319036889164 1.9139498440287999 2.2461848919201777 2.2461848919201675 2122.640679094028 1.3712589952419307e-7 1.1569385021115153e-6 1.156938498336757e-6 5.68616429674762e-6 NaN
1090 4.4112789687731935 2.2969242593369853e-8 0.21246552015990036 0.14302956952641005 0.14302956952640977 58.16862431531705 1.9139538306680897 2.270772682914287 2.2707726829142767 2411.9158296796845 1.3712592927817013e-7 1.1569390818699787e-6 1.1569390825361126e-6 5.6861669959218375e-6 NaN
1100 4.411279181854661 2.000915073272339e-8 0.21246553640630353 0.143195894178328 0.14319589417832826 66.10357158960939 1.9139573282501967 2.295261532989324 2.2952615329893136 2740.9843938503263 1.3712595192671984e-7 1.1569395867994103e-6 1.1569395803601168e-6 5.686169360252791e-6 NaN
1110 4.411279367445105 1.742553353901383e-8 0.21246555095035088 0.14336297906834566 0.14336297906834555 75.1281516704076 1.9139603954390378 2.319645101808375 2.319645101808365 3115.242895582653 1.371259767957156e-7 1.1569400246713712e-6 1.1569400244493266e-6 5.686171407504048e-6 NaN
1120 4.411279529055485 1.51728953557911e-8 0.21246556397708447 0.1435307725092964 0.14353077250929608 85.39051924615721 1.913963084400964 2.3439195403470277 2.3439195403470174 3540.8358459798183 1.3712599411519477e-7 1.156940411473073e-6 1.156940408142404e-6 5.68617318830178e-6 NaN
1130 4.411279669766206 1.3210212809440704e-8 0.21246557565200722 0.14369923363497078 0.14369923363497056 97.0592425925505 1.9139654413003162 2.36808264063978 2.36808264063977 4024.754384612653 1.3712600299697897e-7 1.1569407387668207e-6 1.1569407405431775e-6 5.686174751495798e-6 NaN
1140 4.411279792272297 1.1500960677007263e-8 0.21246558612267535 0.14386832919728093 0.14386832919728088 110.32604193910528 1.9139675068622966 2.392133311423505 2.3921333114234944 4574.94985090075 1.3712601454329842e-7 1.1569410383049927e-6 1.1569410416356618e-6 5.686176105967888e-6 NaN
1150 4.411279898927209 1.0012869611344875e-8 0.21246559552038383 0.14403803148085936 0.1440380314808593 125.40892125165833 1.9139693169380032 2.4160712382640277 2.4160712382640175 5200.463671950374 1.3712602608961788e-7 1.156941285440638e-6 1.156941285440638e-6 5.686177291686079e-6 NaN
1160 4.411279991783469 8.717572677915117e-9 0.2124656039618118 0.1442083168873664 0.14420831688736607 142.55573913020734 1.9139709030414818 2.439896654601855 2.439896654601844 5911.575462228618 1.371260318627776e-7 1.1569415094836444e-6 1.1569415105938674e-6 5.686178324637581e-6 NaN
1170 4.411280072629595 7.590217239760766e-9 0.21246561155057714 0.14437916494298622 0.144379164942986 162.04827455449617 1.9139722928455754 2.4636101829847092 2.4636101829846977 6719.971646544021 1.3712603808002655e-7 1.1569417066592536e-6 1.156941701330183e-6 5.686179216368714e-6 NaN
1180 4.411280143023098 6.609080111813317e-9 0.21246561837866365 0.14455055758548974 0.14455055758548965 184.20685279600883 1.9139735106319888 2.4872127226194194 2.4872127226194083 7638.937315378234 1.3712604252091865e-7 1.1569418707502166e-6 1.1569418734147519e-6 5.686180002406616e-6 NaN
1190 4.411280204319753 5.755204426702436e-9 0.2124656245277176 0.14472247864328658 0.144722478643286 209.395606909065 1.913974577695384 2.510705368605857 2.510705368605847 8683.574440247878 1.371260500704352e-7 1.1569420124146745e-6 1.1569420172996558e-6 5.686180687192177e-6 NaN
1200 4.411280257699418 5.0120664196516865e-9 0.2124656300702164 0.1448949134503391 0.1448949134503389 238.0284612157086 1.913975512703583 2.5340893534346445 2.534089353434634 9871.0500330736 1.3712604607363232e-7 1.1569421494161958e-6 1.1569421500823296e-6 5.686181282271718e-6 NaN
1210 4.411280304188675 4.365275052670414e-9 0.21246563507051278 0.14506784856266783 0.14506784856266747 270.57593613121713 1.9139763320170762 2.5573660048819513 2.5573660048819415 11220.878369876142 1.371260451854539e-7 1.1569422608825874e-6 1.1569422615487213e-6 5.686181799191559e-6 NaN
1220 4.411280344680656 3.8023034996038565e-9 0.212465639585764 0.14524127155139543 0.1452412715513951 307.57288769972547 1.9139770499714137 2.5805367160470656 2.580536716047056 12755.241980699942 1.3712605628768415e-7 1.1569423610247043e-6 1.1569423614687935e-6 5.686182248609839e-6 NaN
1230 4.411280379952361 3.312251944604177e-9 0.21246564366676 0.1454151708271278 0.14541517082712743 349.6273043634618 1.9139776791260597 2.6036029208899887 2.603602920889978 14499.356487324612 1.3712605717586257e-7 1.1569424458457434e-6 1.1569424456236987e-6 5.686182643849236e-6 NaN
1240 4.4112804106797485 2.8856390516766195e-9 0.21246564735865464 0.14558953552525905 0.14558953552525858 397.4303149194231 1.9139782304834738 2.6265660788394145 2.6265660788394047 16481.885673848552 1.3712604740589995e-7 1.1569425268920241e-6 1.1569425273361134e-6 5.686183008002388e-6 NaN
1250 4.411280437450901 2.514218533178537e-9 0.21246565070161325 0.14576435541954982 0.14576435541954938 451.7675709903156 1.913978713681599 2.649427663742731 2.6494276637427214 18735.41356398486 1.371260545113273e-7 1.156942591062915e-6 1.1569425912849596e-6 5.686183281561341e-6 NaN
1260 4.4112804607774745 2.190818867375962e-9 0.21246565373138668 0.14593962085362053 0.1459396208536201 513.5321924545152 1.913979137162824 2.6721891555891775 2.672189155589169 21296.981320647625 1.3712605273497047e-7 1.156942649460646e-6 1.1569426485724676e-6 5.6861835426857965e-6 NaN
1270 4.411280481104658 1.909203426688551e-9 0.2124656564798161 0.14611532268586722 0.1461153226858668 583.7394911147318 1.9139795083221933 2.694852034284568 2.694852034284559 24208.697896359423 1.371260491822568e-7 1.1569427020852174e-6 1.1569426996427268e-6 5.686183794928468e-6 NaN
1280 4.411280498819838 1.663948574187155e-9 0.21246565897528322 0.14629145224289716 0.1462914522428966 663.543716924156 1.9139798336373453 2.7174177747464032 2.717417774746394 27518.434567382996 1.371260536231489e-7 1.1569427509350305e-6 1.1569427491586737e-6 5.686183975228687e-6 NaN
1290 4.411280514260136 1.450337530606638e-9 0.21246566124309949 0.14646800127783385 0.1464680012778331 754.2571044294159 1.913980118782391 2.7398878427887805 2.7398878427887703 31280.614867248238 1.3712604607363232e-7 1.1569427895707918e-6 1.1569427902369256e-6 5.686184176845188e-6 NaN
1300 4.411280527718954 1.2642680395072735e-9 0.2124656633058591 0.14664496193099957 0.146644961930999 857.3715350002711 1.9139803687276895 2.7622636914425853 2.7622636914425738 35557.11300765517 1.3712604163274023e-7 1.156942822655438e-6 1.1569428222113487e-6 5.686184319841914e-6 NaN
1310 4.411280539451674 1.102172071509343e-9 0.2124656651837442 0.14682232669178163 0.14682232669178114 974.5831737351735 1.9139805878272513 2.7845467575378335 2.7845467575378224 40418.275671355754 1.3712604784998916e-7 1.156942854629861e-6 1.1569428517432812e-6 5.686184469944067e-6 NaN
1320 4.411280549680605 9.609460187543695e-10 0.21246566689479843 0.1470000883611131 0.14700008836111264 1107.8204890482725 1.9139807798952955 2.806738458462947 2.8067384584629353 45944.084098684005 1.371260451854539e-7 1.1569428806090798e-6 1.156942876612277e-6 5.686184576525477e-6 NaN
1330 4.411280558599285 8.378900198568301e-10 0.21246566845516396 0.14717824001467003 0.14717824001466956 1259.276118979668 1.913980948273298 2.8288401891029036 2.828840189102892 52225.47571344521 1.3712603763593734e-7 1.1569429025914957e-6 1.1569429043678525e-6 5.686184633368896e-6 NaN
1340 4.411280566376228 7.306552243599944e-10 0.21246566987929555 0.14735677496739708 0.14735677496739655 1431.4431121814328 1.913981095888708 2.850853319021311 2.850853319021299 59365.84718452768 1.3712604252091865e-7 1.156942928792759e-6 1.1569429281266252e-6 5.686184711528597e-6 NaN
1350 4.4112805731581695 6.371979604734025e-10 0.21246567118014809 0.14753568674001213 0.14753568674001138 1627.1561441147858 1.9139812253063686 2.872779189953558 2.872779189953547 67482.7638298994 1.3712603319504524e-7 1.1569429430036138e-6 1.1569429436697476e-6 5.686184795017368e-6 NaN
1360 4.4112805790729 5.557399021569661e-10 0.2124656723693424 0.14771496902807302 0.14771496902807235 1849.638391566073 1.9139813387735407 2.8946191136671113 2.894619113667102 76709.90369426653 1.3712603363913445e-7 1.1569429669844311e-6 1.1569429669844311e-6 5.686184904263314e-6 NaN
1370 4.411280584231724 4.8473344970139e-10 0.2124656734573102 0.1478946156742667 0.14789461567426576 2102.554842828307 1.913981438259328 2.916374370251869 2.9163743702518587 87199.2685401563 1.371260269777963e-7 1.1569429800850628e-6 1.1569429791968844e-6 5.686184906927849e-6 NaN
1380 4.411280588731595 4.2283164220184575e-10 0.21246567445342562 0.14807462064422325 0.14807462064422267 2390.072927747277 1.9139815254892 2.9380462068589828 2.9380462068589734 99123.69842378024 1.3712602875415314e-7 1.156942995184096e-6 1.1569429925195607e-6 5.686184971764874e-6 NaN
1390 4.411280592656977 3.688620080297899e-10 0.21246567536611993 0.14825497800596543 0.14825497800596502 2716.9314734626532 1.9139816019752194 2.9596358368818394 2.9596358368818296 112679.73157159745 1.3712601987236894e-7 1.156943003621791e-6 1.1569430031777017e-6 5.686184983311193e-6 NaN
1400 4.411280596081461 3.218038373287383e-10 0.2124656762029821 0.14843568191312528 0.14843568191312473 3088.5191304971668 1.9139816690425084 2.9811444395788036 2.9811444395787934 128090.85703103492 1.3712602342508262e-7 1.1569430178326456e-6 1.1569430136137981e-6 5.6861850241674006e-6 NaN
1410 4.411280599069173 2.80768428242723e-10 0.21246567697085117 0.14861672659167985 0.1486167265916793 3510.9635710406365 1.9139817278524256 3.0025731600896672 3.002573160089659 145611.2140882994 1.3712601720783368e-7 1.156943031155322e-6 1.1569430298230543e-6 5.6861851192024915e-6 NaN
1420 4.411280601675993 2.449819173552429e-10 0.21246567767589442 0.1487981063296715 0.14879810632967086 3991.2329398959855 1.9139817794228577 3.023923109770089 3.023923109770079 165529.7998543178 1.3712601676374447e-7 1.1569430371505263e-6 1.1569430391489277e-6 5.68618514229513e-6 NaN
1430 4.41128060395063 2.137703554679295e-10 0.21246567832367877 0.14897981546995656 0.1489798154699559 4537.251243706887 1.9139818246459923 3.045195366836838 3.0451953668368263 188175.25492838802 1.3712600743787107e-7 1.1569430415914184e-6 1.1569430486968457e-6 5.686185095221674e-6 NaN
1440 4.411280605935535 1.8654673399049353e-10 0.21246567891923562 0.1491618484053314 0.1491618484053309 5158.029594711404 1.9139818643038793 3.0663909772386537 3.06639097723864 213921.3066140453 1.371260087701387e-7 1.1569430549140947e-6 1.1569430595770314e-6 5.686185253317433e-6 NaN
1450 4.4112806076677185 1.6279970600250736e-10 0.21246567946711203 0.1493441995755205 0.14934419957552011 5863.815488875221 1.9139818990820598 3.0875109556854463 3.0875109556854357 243192.9600946303 1.3712600566151423e-7 1.156943062019522e-6 1.1569430566904515e-6 5.6861851911449435e-6 NaN
1460 4.411280609179446 1.420837799467011e-10 0.21246567997142776 0.14952686346591926 0.14952686346591862 6666.2625996535 1.9139819295815037 3.10855628681996 3.10855628681995 276473.5404761348 1.371260003324437e-7 1.1569430697910832e-6 1.1569430709013062e-6 5.6861851573941635e-6 NaN
1470 4.4112806104988485 1.240107918515247e-10 0.2124656804359131 0.14970983460753437 0.1497098346075337 7578.623908542837 1.9139819563290665 3.1295279264637665 3.129527926463758 314312.702702487 1.371259994442653e-7 1.1569430782287782e-6 1.1569430753421983e-6 5.6861851804868024e-6 NaN
1480 4.411280611650456 1.0824248935911241e-10 0.21246568086395173 0.14989310757775812 0.14989310757775726 8615.971382071953 1.9139819797866473 3.150426802896023 3.150426802896014 357335.5424605652 1.3712599411519477e-7 1.1569430837798933e-6 1.1569430815594473e-6 5.686185352793416e-6 NaN
1490 4.411280612655663 9.44840808974645e-11 0.21246568125861473 0.1500766770018963 0.15007667700189525 9795.445847881525 1.9139820003592125 3.171253818155507 3.1712538181555 406252.95956536673 1.3712599278292714e-7 1.1569430879987408e-6 1.156943087332607e-6 5.686185486908357e-6 NaN
1500 4.411280613533125 8.2478624025806e-11 0.21246568162269108 0.15026053755503704 0.15026053755503643 11136.54122350275 1.913982018401828 3.192009849321021 3.1920098493210127 461873.4460925626 1.3712598345705374e-7 1.156943093549856e-6 1.1569430933278113e-6 5.68618551355371e-6 NaN
1510 4.411280614299115 7.200214263280094e-11 0.21246568195871915 0.15044468396419383 0.15044468396419333 12661.427824687948 1.9139820342258143 3.2126957497641593 3.212695749764149 525116.49530046 1.3712598523341057e-7 1.1569431004332387e-6 1.156943099100971e-6 5.6861852186784745e-6 NaN
1520 4.4112806149678265 6.285937792389195e-11 0.21246568226900686 0.15062911101052798 0.1506291110105277 14395.320130047456 1.9139820481041492 3.2333123503557575 3.233312350355747 597027.8543374552 1.3712598301296453e-7 1.1569430997671049e-6 1.156943104207997e-6 5.686185397202337e-6 NaN
1530 4.411280615551638 5.4880090268636264e-11 0.21246568255565818 0.15081381353152573 0.15081381353152493 16366.895118962353 1.9139820602761937 3.2538604606145545 3.2538604606145443 678796.8744308079 1.3712597857207243e-7 1.156943111535469e-6 1.1569431119795581e-6 5.686185748032813e-6 NaN
1540 4.4112806160613545 4.791583988701166e-11 0.21246568282058906 0.15099878642308873 0.15099878642308803 18608.768142568195 1.9139820709518371 3.2743408697972436 3.2743408697972334 771776.247208038 1.3712597413118033e-7 1.1569431164204502e-6 1.156943115976361e-6 5.686185756914597e-6 NaN
1550 4.4112806165063985 4.183718405642415e-11 0.21246568306554925 0.1511840246414755 0.15118402464147462 21158.034245511462 1.913982080315133 3.2947543479253163 3.2947543479253065 877504.4555305379 1.3712597102255586e-7 1.1569431184188517e-6 1.1569431142000042e-6 5.686185430953117e-6 NaN
1560 4.4112806168949925 3.653123647770929e-11 0.21246568329213553 0.1513695232049824 0.15136952320498168 24056.883945541325 1.9139820885274799 3.315101646740736 3.315101646740727 997731.3123992819 1.3712596258486087e-7 1.156943121083387e-6 1.1569431259683682e-6 5.686185375886055e-6 NaN
1570 4.411280617234312 3.189954184626933e-11 0.2124656835018076 0.15155527719553288 0.15155527719553216 27353.303722069977 1.9139820957304141 3.3353835006112087 3.335383500611199 1.1344470130892203e6 1.3712595858805798e-7 1.1569431312974388e-6 1.1569431279667697e-6 5.686185421183154e-6 NaN
1580 4.411280617530615 2.7856224452286454e-11 0.21246568369590008 0.15174128175989157 0.1517412817598909 31101.87286989003 1.9139821020480572 3.355600627357431 3.355600627357421 1.2899151839423836e6 1.3712595858805798e-7 1.1569431312974388e-6 1.1569431312974388e-6 5.686185034825542e-6 NaN
1590 4.411280617789368 2.4326375440060076e-11 0.21246568387563447 0.1519275321107375 0.15192753211073678 35364.66998724708 1.913982107589259 3.3757537290305666 3.375753729030553 1.466710478147807e6 1.3712595547943351e-7 1.1569431355162862e-6 1.1569431399571783e-6 5.686185045483683e-6 NaN
1600 4.411280618015336 2.124464770716484e-11 0.21246568404212932 0.1521140235274651 0.1521140235274644 40212.304189310824 1.9139821124494794 3.395843492628412 3.395843492628397 1.6677613443958503e6 1.3712595370307668e-7 1.156943144620115e-6 1.1569431381808215e-6 5.686185382103304e-6 NaN
1610 4.411280618212683 1.855403155048267e-11 0.2124656841964107 0.15230075135684146 0.1523007513568408 45725.08822197315 1.9139821167124353 3.415870590766459 3.415870590766445 1.8963986807217249e6 1.3712594393311406e-7 1.1569431441760258e-6 1.1569431463964719e-6 5.686184784359227e-6 NaN
1620 4.411280618385041 1.6204787719585137e-11 0.2124656843394187 0.15248771101336858 0.15248771101336778 51994.3730098955 1.9139821204515477 3.435835682289831 3.4358356822898157 2.156411183690214e6 1.3712594348902485e-7 1.1569431503932748e-6 1.1569431510594086e-6 5.686186156594886e-6 NaN
1630 4.411280618535578 1.4153517502948458e-11 0.2124656844720169 0.15267489797951111 0.15267489797951014 59124.06587169 1.9139821237312085 3.455739412845583 3.455739412845566 2.45210831501056e6 1.3712593949222196e-7 1.1569431561664345e-6 1.1569431523916762e-6 5.686184946895878e-6 NaN
1640 4.411280618667061 1.2362352210409353e-11 0.21246568459499768 0.1528623078057342 0.15286230780573337 67232.35769260974 1.913982126607891 3.4755824154110746 3.4755824154110586 2.7883919344774536e6 1.3712593549541907e-7 1.1569431594971036e-6 1.1569431597191482e-6 5.686184398001615e-6 NaN
1650 4.411280618781907 1.0798246587192923e-11 0.21246568470908953 0.15304993611042425 0.15304993611042347 76453.68783415787 1.9139821291311236 3.495365310788114 3.4953653107880953 3.1708377928381483e6 1.371259323867946e-7 1.1569431606073266e-6 1.1569431574987021e-6 5.6861851085443504e-6 NaN
1660 4.411280618882223 9.4323628350246e-12 0.21246568481496303 0.15323777857963536 0.15323777857963453 86940.97952021824 1.9139821313443464 3.5150887080581725 3.515088708058154 3.605788242431797e6 1.371259323867946e-7 1.156943162605728e-6 1.156943161495505e-6 5.686185114761599e-6 NaN
1670 4.411280618969854 8.23953353050599e-12 0.21246568491323384 0.15342583096671517 0.1534258309667142 98868.18295503478 1.9139821332856577 3.534753205005943 3.534753205005922 4.100457710732232e6 1.3712592616954566e-7 1.1569431714875122e-6 1.1569431681568432e-6 5.6861849309086665e-6 NaN
1680 4.411280619046402 7.197793320693492e-12 0.21246568500447 0.15361408909182026 0.15361408909181967 112433.16856097977 1.913982134988473 3.554359388513638 3.5543593885136153 4.663052694796241e6 1.3712592128456436e-7 1.1569431745961367e-6 1.1569431725977353e-6 5.686184593400867e-6 NaN
1690 4.411280619113276 6.287970543250835e-12 0.21246568508919395 0.15380254884137132 0.15380254884137043 127861.01856865855 1.9139821364820984 3.5739078349320383 3.5739078349320152 5.302908277019336e6 1.3712591506731542e-7 1.1569431734859137e-6 1.1569431712654676e-6 5.686183111919263e-6 NaN
1700 4.411280619171696 5.493331075121665e-12 0.212465685167888 0.1539912061674147 0.1539912061674142 145407.77183541644 1.9139821377922406 3.5933991104268643 3.59339911042684 6.030643438134625e6 1.3712591506731542e-7 1.1569431836999655e-6 1.1569431810354303e-6 5.68618589547043e-6 NaN
1710 4.411280619222733 4.7992677120362626e-12 0.21246568524099588 0.15418005708686577 0.15418005708686477 165364.6843276848 1.9139821389414435 3.6128337712972716 3.6128337712972467 6.858337756908842e6 1.3712591329095858e-7 1.156943179481118e-6 1.1569431850322331e-6 5.686189030740252e-6 NaN
1720 4.411280619267323 4.193029237327685e-12 0.21246568530892798 0.15436909768077564 0.15436909768077473 188063.0763291716 1.9139821399494825 3.632212364284154 3.63221236428413 7.799732443769261e6 1.371259092941557e-7 1.1569431854763224e-6 1.1569431836999655e-6 5.68619094831746e-6 NaN
1730 4.411280619306284 3.663484088448095e-12 0.2124656853720622 0.15455832409347361 0.15455832409347284 213879.8472009023 1.9139821408337006 3.651535426851643 3.65153542685162 8.87045906054694e6 1.3712590307690675e-7 1.1569431923597051e-6 1.1569431899172145e-6 5.6861883104275535e-6 NaN
1740 4.4112806193403244 3.2009141950426564e-12 0.21246568543074792 0.15474773253173957 0.15474773253173876 243243.7496968387 1.913982141609311 3.6708034874599345 3.670803487459909 1.008829974211012e7 1.3712590707370964e-7 1.156943194136062e-6 1.1569431972446864e-6 5.686191542508823e-6 NaN
1750 4.411280619370068 2.7968351189638672e-12 0.21246568548530834 0.15493731926385063 0.15493731926384965 276642.5284822768 1.9139821422896564 3.690017065813723 3.690017065813696 1.1473483260035917e7 1.371258915305873e-7 1.1569431950242404e-6 1.1569431961344634e-6 5.686184950448592e-6 NaN
1760 4.411280619396057 2.44383914386415e-12 0.21246568553604123 0.1551270806186638 0.15512708061866293 314631.04197245435 1.9139821428864408 3.709176673103019 3.709176673102993 1.3049021868609732e7 1.3712589685965781e-7 1.156943201463534e-6 1.1569432019076231e-6 5.686192408482782e-6 NaN
1770 4.411280619418765 2.1354583555696447e-12 0.21246568558322296 0.15531701298479098 0.15531701298479014 357840.50303434086 1.913982143409929 3.728282812243111 3.7282828122430844 1.484109455467716e7 1.3712589286285493e-7 1.15694320368398e-6 1.1569432001312663e-6 5.686183693676128e-6 NaN
1780 4.411280619438608 1.866045182939841e-12 0.21246568562710844 0.15550711280946913 0.1555071128094683 406988.99267331295 1.9139821438691251 3.7473359780736075 3.747335978073581 1.6879483083407074e7 1.3712588575742757e-7 1.1569432063485152e-6 1.1569432116775857e-6 5.686183336628403e-6 NaN
1790 4.411280619455948 1.6306681529716212e-12 0.21246568566793375 0.1556973765976951 0.15569737659769414 462893.422288074 1.9139821442719263 3.7663366575748847 3.7663366575748585 1.919806812212934e7 1.3712588398107073e-7 1.1569432101232735e-6 1.1569432103453181e-6 5.686184143094408e-6 NaN
1800 4.4112806194711 1.425020921937948e-12 0.21246568570591756 0.15588780091125776 0.15588780091125684 526483.1440962622 1.9139821446252603 3.7852853300650082 3.785285330064984 2.1835393720582265e7 1.3712587465519732e-7 1.1569432158964332e-6 1.1569432183389239e-6 5.686180350572556e-6 NaN
1810 4.411280619484342 1.2453428853683643e-12 0.21246568574126223 0.15607838236771304 0.15607838236771215 598815.436932186 1.9139821449352032 3.804182467382585 3.8041824673825584 2.4835309570543498e7 1.371258737670189e-7 1.1569432198932361e-6 1.1569432156743886e-6 5.686191884457514e-6 NaN
1820 4.411280619495915 1.088349893150362e-12 0.21246568577415548 0.15626911763944043 0.15626911763943985 681093.1259986927 1.9139821452070844 3.8230285340693118 3.823028534069288 2.8247701769305427e7 1.3712586977021601e-7 1.1569432247782174e-6 1.156943226110485e-6 5.6861841013500225e-6 NaN
1830 4.411280619506028 9.511737777292443e-13 0.21246568580476988 0.15646000345269934 0.15646000345269861 774684.6307575163 1.9139821454455785 3.84182398754455 3.841823987544526 3.2129324288026456e7 1.3712587243475127e-7 1.1569432243341282e-6 1.1569432283309311e-6 5.686181459907402e-6 NaN
1840 4.411280619514869 8.31309571652746e-13 0.21246568583326766 0.15665103658660331 0.1566510365866024 881146.7756925083 1.9139821456547865 3.8605692782647134 3.8605692782646894 3.6544745027769305e7 1.371258648852347e-7 1.1569432292191095e-6 1.156943228997065e-6 5.6861604971203406e-6 NaN
1850 4.411280619522594 7.265694369217464e-13 0.2124656858597979 0.1568422138722312 0.1568422138722305 1.0022507449997157e6 1.913982145838306 3.879264849888254 3.8792648498882314 4.15674222671006e7 1.371258595561642e-7 1.1569432321056894e-6 1.156943227886842e-6 5.686164127105542e-6 NaN
1860 4.411280619529347 6.350424483334705e-13 0.21246568588449866 0.15703353219162255 0.15703353219162172 1.1400116145947028e6 1.9139821459992903 3.897911139422991 3.897911139422969 4.728092947572996e7 1.3712585733571814e-7 1.1569432383229383e-6 1.1569432347702246e-6 5.686180449160361e-6 NaN
1870 4.4112806195352485 5.550594867877657e-13 0.21246568590749848 0.1572249884769052 0.15722498847690428 1.2967219548801947e6 1.9139821461405082 3.9165085773790915 3.9165085773790733 5.378034895930168e7 1.3712585467118288e-7 1.1569432363245369e-6 1.1569432338820462e-6 5.686181754782638e-6 NaN
1880 4.411280619540406 4.85162591113933e-13 0.21246568592891685 0.1574165797093109 0.15741657970930992 1.4749900654925741e6 1.9139821462643867 3.9350575879054106 3.935057587905391 6.117385761137578e7 1.3712584889802315e-7 1.156943241875652e-6 1.1569432454283657e-6 5.68617985940989e-6 NaN
1890 4.4112806195449155 4.240782022436053e-13 0.21246568594886364 0.15760830291834188 0.1576083029183412 1.6777834810297291e6 1.9139821463730555 3.953558588933557 3.953558588933542 6.958453127465764e7 1.371258471216663e-7 1.1569432447622319e-6 1.156943249203124e-6 5.6862380670708035e-6 NaN
1900 4.411280619548856 3.7069380254992614e-13 0.21246568596744222 0.15780015518081544 0.15780015518081464 1.9084784745026687e6 1.9139821464683815 3.9720119923048114 3.9720119923047967 7.915239785246891e7 1.3712584534530947e-7 1.156943248092901e-6 1.1569432500913024e-6 5.6862183228645335e-6 NaN
1910 4.4112806195523016 3.2403752099486557e-13 0.21246568598474774 0.15799213362000092 0.15799213361999997 2.1709163859387184e6 1.9139821465520044 3.9904182039000613 3.9904182039000435 9.003677348729174e7 1.3712584090441737e-7 1.156943258751042e-6 1.1569432569746851e-6 5.686256404402457e-6 NaN
1920 4.411280619555313 2.832603244295608e-13 0.21246568600086874 0.1581842354047636 0.15818423540476292 2.4694677174842e6 1.9139821466253601 4.008777623764744 4.0087776237647255 1.0241892084794761e8 1.3712583202263318e-7 1.1569432603053542e-6 1.1569432634139787e-6 5.686228064405441e-6 NaN
1930 4.411280619557945 2.4762046827080154e-13 0.21246568601588733 0.1583764577487105 0.15837645774870962 2.809105066307367e6 1.9139821466897105 4.027090646228753 4.027090646228736 1.1650507395665844e8 1.3712583424307923e-7 1.1569432634139787e-6 1.156943264302157e-6 5.686228782053604e-6 NaN
1940 4.411280619560246 2.1646991870021459e-13 0.21246568602988025 0.15856879790934203 0.1585687979093412 3.1954861144468808e6 1.9139821467461604 4.045357660021965 4.045357660021948 1.3252988011895028e8 1.371258333549008e-7 1.1569432656344247e-6 1.1569432674107816e-6 5.6862224662168614e-6 NaN
1950 4.411280619562258 1.892424958420074e-13 0.21246568604291763 0.158761253187288 0.1587612531872871 3.635048063163362e6 1.9139821467956804 4.063579048392445 4.063579048392426 1.5076031650411117e8 1.3712583069036555e-7 1.1569432691871384e-6 1.156943270519406e-6 5.686310213803836e-6 NaN
1960 4.411280619564017 1.6544351958946297e-13 0.21246568605506663 0.15895382092544388 0.15895382092544294 4.135115090319345e6 1.913982146839121 4.081755189210649 4.0817551892106305 1.7150014684413448e8 1.3712581869995688e-7 1.1569432749602981e-6 1.1569432780689226e-6 5.686124801229653e-6 NaN
1970 4.411280619565555 1.4464076728706575e-13 0.21246568606638724 0.1591464985082175 0.15914649850821658 4.70402062797017e6 1.9139821468772285 4.099886455079384 4.099886455079368 1.9509499278768715e8 1.3712581425906478e-7 1.1569432758484766e-6 1.156943276736655e-6 5.686098988100241e-6 NaN
1980 4.411280619566898 1.2645657693143898e-13 0.2124656860769384 0.15933928336072578 0.1593392833607245 5.351246504608606e6 1.9139821469106588 4.117973213434674 4.117973213434659 2.2193810470054704e8 1.3712581647951083e-7 1.1569432825098147e-6 1.156943282953904e-6 5.686053512476974e-6 NaN
1990 4.411280619568073 1.1056094994438959e-13 0.21246568608677172 0.15953217294808716 0.15953217294808625 6.0875812794792345e6 1.9139821469399847 4.136015826651148 4.136015826651133 2.524769284400122e8 1.3712580937408347e-7 1.15694328228777e-6 1.1569432825098147e-6 5.685919237663484e-6 NaN
2000 4.411280619569101 9.666552763139345e-14 0.21246568609593672 0.15972516477465967 0.15972516477465862 6.92530041677446e6 1.9139821469657112 4.154014652138097 4.154014652138082 2.872205779189129e8 1.3712580493319138e-7 1.1569432900593313e-6 1.1569432889491083e-6 5.686105938096375e-6 NaN
2010 4.4112806195699985 8.451832969459572e-14 0.2124656861044793 0.15991825638334314 0.159918256383342 7.878371313901033e6 1.9139821469882794 4.1719700424377315 4.171970042437716 3.267483384700311e8 1.37125806265459e-7 1.1569432882829744e-6 1.1569432876168406e-6 5.685980275060842e-6 NaN
2020 4.411280619570784 7.389915865480677e-14 0.2124656861124425 0.1601114453548208 0.16011144535481978 8.962686613106295e6 1.9139821470080776 4.189882345313572 4.1898823453135545 3.7171934323762715e8 1.3712580404501296e-7 1.1569432951663572e-6 1.156943300273383e-6 5.686191360432247e-6 NaN
2030 4.411280619571472 6.461558574327302e-14 0.2124656861198656 0.16030472930689196 0.16030472930689083 1.0196329700467207e7 1.9139821470254454 4.207751903843616 4.2077519038436 4.228835845111277e8 1.3712579560731797e-7 1.1569432945002234e-6 1.1569433000513385e-6 5.685910437591701e-6 NaN
2040 4.411280619572072 5.649944442316229e-14 0.21246568612678615 0.16049810589380611 0.160498105893805 1.159987683418408e7 1.9139821470406817 4.225579056510061 4.225579056510047 4.8109444422654593e8 1.3712579427505034e-7 1.1569433038260968e-6 1.1569433038260968e-6 5.6860286754556455e-6 NaN
2050 4.411280619572597 4.940376729801051e-14 0.21246568613323757 0.16069157280558238 0.1606915728055817 1.3196740957520036e7 1.9139821470540477 4.243364137283896 4.2433641372838835 5.473229533013989e8 1.3712578716962298e-7 1.1569433058244982e-6 1.1569433049363198e-6 5.685875700933707e-6 NaN
2060 4.4112806195730565 4.320011034979788e-14 0.21246568613925257 0.16088512776737088 0.16088512776736988 1.5013562950327441e7 1.9139821470657734 4.26110747570994 4.26110747570993 6.226740184427012e8 1.3712578583735535e-7 1.1569433071567659e-6 1.156943308711078e-6 5.6864319297744714e-6 NaN
2070 4.411280619573458 3.7776215346271426e-14 0.21246568614486055 0.1610787685388267 0.1610787685388256 1.708065686706485e7 1.9139821470760598 4.278809396989857 4.278809396989845 7.084048879964893e8 1.3712577695557115e-7 1.1569433153724162e-6 1.156943313818104e-6 5.6862549504543836e-6 NaN
2080 4.411280619573809 3.303396761755772e-14 0.21246568615008998 0.16127249291347473 0.16127249291347395 1.943251661317647e7 1.9139821470850835 4.296470222060876 4.296470222060865 8.059461658986282e8 1.3712577739966036e-7 1.1569433162605947e-6 1.1569433133740148e-6 5.6860360801991305e-6 NaN
2090 4.411280619574116 2.8887611916123574e-14 0.21246568615496622 0.16146629871810547 0.16146629871810453 2.2108392541380946e7 1.9139821470929999 4.314090267674034 4.314090267674017 9.169257254914815e8 1.3712578050828483e-7 1.1569433169267285e-6 1.1569433213676206e-6 5.6865485484891565e-6 NaN
2100 4.411280619574384 2.526219359511632e-14 0.21246568615951278 0.161660183812177 0.16166018381217628 2.5152947620170716e7 1.9139821470999447 4.331669846470449 4.331669846470432 1.0431959235270318e9 1.371257742910359e-7 1.1569433282510033e-6 1.1569433226998882e-6 5.6866793478604905e-6 NaN
2110 4.41128061957462 2.2092196674694856e-14 0.21246568616375305 0.16185414608724516 0.16185414608724444 2.8617004160067815e7 1.9139821471060374 4.349209267056546 4.349209267056528 1.1868645699721687e9 1.3712576185653802e-7 1.156943328473048e-6 1.1569433315816724e-6 5.6864323871863576e-6 NaN
2120 4.411280619574826 1.9320353845619624e-14 0.21246568616770747 0.16204818346636085 0.16204818346635988 3.2558393599280138e7 1.9139821471113818 4.36670883407387 4.366708834073852 1.3503301721106744e9 1.3712576008018118e-7 1.1569433371327875e-6 1.1569433326918954e-6 5.686091753887013e-6 NaN
2130 4.411280619575005 1.689660673359622e-14 0.2124656861713952 0.16224229390355663 0.16224229390355588 3.7042923580048546e7 1.913982147116071 4.384168848273997 4.384168848273976 1.5363220431719851e9 1.3712576185653802e-7 1.1569433338021184e-6 1.156943331803717e-6 5.685530490850965e-6 NaN
2140 4.411280619575163 1.477719734131101e-14 0.21246568617483444 0.16243647538327374 0.16243647538327272 4.214547850761072e7 1.913982147120184 4.4015896065852615 4.401589606585243 1.7479459470324078e9 1.3712576274471644e-7 1.1569433375768767e-6 1.1569433395752782e-6 5.685356570417355e-6 NaN
2150 4.411280619575301 1.2923874176412032e-14 0.21246568617804215 0.16263072591984026 0.1626307259198394 4.7951272025106214e7 1.9139821471237923 4.4189714021815725 4.418971402181556 1.9887360434944873e9 1.371257560833783e-7 1.1569433415736796e-6 1.1569433404634566e-6 5.686130712945214e-6 NaN
2160 4.411280619575421 1.1303198531445982e-14 0.21246568618103426 0.16282504355697414 0.1628250435569732 5.45572723815364e7 1.9139821471269585 4.436314524550809 4.436314524550792 2.2627140041515927e9 1.3712575341884303e-7 1.1569433495672854e-6 1.1569433460145717e-6 5.6867038473740195e-6 NaN
2170 4.411280619575526 9.885938244669926e-15 0.21246568618382475 0.1630194263672198 0.16301942636721897 6.207382456437609e7 1.913982147129736 4.453619259554794 4.453619259554773 2.5744562888909216e9 1.3712574897795093e-7 1.156943352009776e-6 1.1569433484570624e-6 5.686738213661613e-6 NaN
2180 4.411280619575618 8.646537941089849e-15 0.21246568618642833 0.16321387245148575 0.16321387245148486 7.062649637463945e7 1.9139821471321723 4.470885889495808 4.470885889495788 2.9291707102100124e9 1.3712574409296963e-7 1.156943353119999e-6 1.1569433517877314e-6 5.686841975105494e-6 NaN
2190 4.411280619575699 7.562656063652863e-15 0.21246568618885628 0.16340837993855395 0.16340837993855292 8.035817936731932e7 1.9139821471343095 4.488114693178369 4.48811469317835 3.332783567847283e9 1.3712574498114805e-7 1.1569433562286235e-6 1.1569433533420437e-6 5.687237718987603e-6 NaN
2200 4.411280619575769 6.614760265181925e-15 0.21246568619112108 0.16360294698457303 0.1636029469845721 9.143147985513219e7 1.9139821471361846 4.505305945967075 4.505305945967054 3.792038813529458e9 1.3712573654345306e-7 1.156943353119999e-6 1.156943352009776e-6 5.6883226893233996e-6 NaN
2210 4.411280619575831 5.7857737952197635e-15 0.21246568619323408 0.16379757177263468 0.16379757177263357 1.040314400425544e8 1.9139821471378295 4.522459919849652 4.522459919849632 4.314610907578265e9 1.3712573121438254e-7 1.1569433628899617e-6 1.156943361557694e-6 5.687321870340156e-6 NaN
2220 4.4112806195758845 5.060766460890907e-15 0.21246568619520526 0.16399225251229516 0.1639922525122943 1.1836863488001618e8 1.913982147139273 4.539576883493186 4.539576883493167 4.909233258175614e9 1.3712572810575807e-7 1.1569433653324523e-6 1.1569433662206308e-6 5.6837376583018795e-6 NaN
2230 4.411280619575931 4.426684518569119e-15 0.21246568619704395 0.164186987439095 0.16418698743909385 1.3468269653476357e8 1.9139821471405394 4.556657102297702 4.556657102297682 5.585844395648585e9 1.3712572233259834e-7 1.1569433704394783e-6 1.1569433706615229e-6 5.685629020035776e-6 NaN
2240 4.411280619575972 3.8721145920584344e-15 0.21246568619876016 0.16438177481418312 0.164381774814182 1.5324632555458075e8 1.9139821471416498 4.57370083845717 4.573700838457146 6.355754331906653e9 1.3712571922397387e-7 1.156943377322861e-6 1.1569433735481027e-6 5.688496654165931e-6 NaN
2250 4.411280619576008 3.3870773267545066e-15 0.21246568620036027 0.16457661292381529 0.16457661292381412 1.7436985593332687e8 1.9139821471426244 4.590708351007407 4.590708351007383 7.231833892462613e9 1.3712571744761703e-7 1.1569433782110394e-6 1.1569433793212625e-6 5.686444325192497e-6 NaN
2260 4.41128061957604 2.9628470327580322e-15 0.21246568620185363 0.1647715000790282 0.16477150007902705 1.9840645062205946e8 1.9139821471434793 4.6076798958872685 4.607679895887246 8.2287301956218605e9 1.3712571389490336e-7 1.1569433817637531e-6 1.156943379543307e-6 5.684693497265414e-6 NaN
2270 4.4112806195760665 2.5917940283934117e-15 0.21246568620324713 0.16496643461510946 0.16496643461510854 2.257580145378705e8 1.9139821471442293 4.624615725980432 4.62461572598041 9.363111889249199e9 1.3712570945401126e-7 1.156943387981002e-6 1.1569433848723776e-6 5.676343926452887e-6 NaN
2280 4.411280619576093 2.2672468426950306e-15 0.21246568620454664 0.16516141489129169 0.16516141489129102 2.5688192424099058e8 1.913982147144887 4.641516091174412 4.641516091174396 1.065394825812367e10 1.3712570590129758e-7 1.1569433855385114e-6 1.1569433910896265e-6 5.675391961723619e-6 NaN
2290 4.411280619576112 1.9833717509867804e-15 0.21246568620575979 0.165356439290308 0.16535643929030688 2.922986870633976e8 1.9139821471454648 4.6583812384061885 4.658381238406175 1.2122826879465462e10 1.3712570590129758e-7 1.1569433970848308e-6 1.1569433957525632e-6 5.680408955655025e-6 NaN
2300 4.41128061957613 1.7350674765833843e-15 0.2124656862068913 0.16555150621798692 0.16555150621798576 3.326006581204225e8 1.9139821471459713 4.675211411709261 4.675211411709246 1.3794315153216442e10 1.371257027926731e-7 1.1569433961966524e-6 1.1569433935321172e-6 5.677044197405223e-6 NaN
2310 4.411280619576147 1.5178731397827357e-15 0.21246568620794715 0.16574661410295072 0.16574661410294966 3.784619613869244e8 1.9139821471464156 4.692006852267957 4.6920068522679435 1.5696371769824635e10 1.3712570012813785e-7 1.1569433990832323e-6 1.1569434024139014e-6 5.678682966525628e-6 NaN
2320 4.411280619576164 1.327887787788969e-15 0.21246568620893228 0.165941761396162 0.16594176139616118 4.3064978114870644e8 1.9139821471468046 4.708767798456956 4.708767798456945 1.786081501311954e10 1.371256974636026e-7 1.156943401525723e-6 1.156943403746169e-6 5.689193622870903e-6 NaN
2330 4.411280619576173 1.1617000471585813e-15 0.21246568620985198 0.16613694657059935 0.16613694657059822 4.900372132395127e8 1.913982147147147 4.725494485890512 4.725494485890502 2.0323855753902958e10 1.3712569613133496e-7 1.1569434057445704e-6 1.1569434066327489e-6 5.702694777731665e-6 NaN
2340 4.411280619576182 1.0163266213804895e-15 0.21246568621071027 0.16633216812088775 0.16633216812088678 5.576178915550114e8 1.9139821471474474 4.742187147466035 4.742187147466026 2.3126704071569363e10 1.371256934667997e-7 1.1569434084091057e-6 1.1569434106295517e-6 5.689498141059346e-6 NaN
2350 4.411280619576191 8.891585255639447e-16 0.21246568621151085 0.1665274245629724 0.16652742456297132 6.345226351835587e8 1.913982147147711 4.75884601340981 4.7588460134098005 2.6316259679004875e10 1.3712569169044286e-7 1.1569434130720424e-6 1.156943408853195e-6 5.704491197633388e-6 NaN
2360 4.4112806195762 8.881784197001252e-16 0.2124656862123158 0.16673832441536784 0.166738324415367 7.295335465459737e8 1.9139821471479588 4.776798649668184 4.7767986496681765 3.0256752437251564e10 1.3712569124635365e-7 1.1569434188452021e-6 1.156943418401113e-6 5.676369539742154e-6 NaN
2370 4.411280619576209 8.881784197001252e-16 0.21246568621318354 0.16698492962234635 0.16698492962234532 8.588023163209472e8 1.913982147148208 4.7977374097838394 4.797737409783832 3.561805930487421e10 1.3712568991408602e-7 1.1569434210656482e-6 1.1569434175129345e-6 5.681111442612519e-6 NaN
2380 4.4112806195762175 8.881784197001252e-16 0.2124656862141324 0.16728181897889852 0.16728181897889777 1.0451410840638638e9 1.9139821471484575 4.822870505099698 4.822870505099692 4.334629341618303e10 1.371256890259076e-7 1.1569434232860942e-6 1.1569434219538266e-6 5.707994499282165e-6 NaN
2390 4.411280619576226 8.881784197001252e-16 0.21246568621519138 0.16765484498572883 0.1676548449857278 1.3375483734961288e9 1.9139821471487086 4.854334275765382 4.854334275765373 5.547362482557471e10 1.3712568813772918e-7 1.156943426172674e-6 1.1569434275049417e-6 5.686082808153969e-6 NaN
