#timestep time dt l2_rho l2_rho_v1 l2_rho_v2 l2_rho_e_total linf_rho linf_rho_v1 linf_rho_v2 linf_rho_e_total cons_rho cons_rho_v1 cons_rho_v2 cons_rho_e_total dsdu_ut 
0 0.0 0.0 0.0 0.0 0.0 0.0 0.0 0.0 0.0 0.0 0.0 0.0 0.0 0.0 4.716338742618252e-15
10 0.03848798427713306 0.006259512093473135 7.995185922187516e-6 1.3981452229072702e-5 1.3981452229082488e-5 4.378337807570192e-5 3.454977574812723e-5 6.145558540415763e-5 6.145558540415763e-5 0.00021825306378886467 1.1102230246251565e-14 1.0436096431476471e-14 1.0436096431476471e-14 2.7533531010703882e-14 1.3199914953137844e-8
20 0.11922188356663035 0.008946581075306966 1.5304320603898296e-5 2.775141757686555e-5 2.7751417576844714e-5 9.438603247517685e-5 7.726044504741125e-5 0.00011229119419975397 0.0001122911941968674 0.00047988815458843703 1.2878587085651816e-14 1.2212453270876722e-14 1.2434497875801753e-14 3.375077994860476e-14 2.3638003467714627e-8
30 0.21175796277103243 0.009416011947261015 1.825039659636995e-5 3.242017953823629e-5 3.242017953823419e-5 0.00011686035445022258 6.17257813904093e-5 8.956269135129702e-5 8.956269134907657e-5 0.0004234834480207894 1.3766765505351941e-14 1.9984014443252818e-14 2.042810365310288e-14 3.108624468950438e-14 3.439579195582302e-8
40 0.306433140452651 0.009490173582659543 2.047214916528499e-5 3.610454695623896e-5 3.610454695626712e-5 0.0001296730563687746 7.744423870326145e-5 0.00012653808564477842 0.00012653808564344615 0.00046413241550702367 2.1538326677728037e-14 1.7541523789077473e-14 1.709743457922741e-14 5.329070518200751e-15 4.644901534402891e-8
50 0.4014433680606261 0.009498425164133946 2.2288951522362673e-5 3.9510869934939134e-5 3.951086993494793e-5 0.0001388282000572635 0.00010551170316053238 0.0001546727112162749 0.00015467271121405446 0.0005453294960995336 1.4654943925052066e-14 2.0872192862952943e-14 2.19824158875781e-14 6.217248937900877e-15 5.08506843187034e-8
60 0.49654409524261384 0.009510389705561227 2.4069250911785892e-5 4.32017665050393e-5 4.320176650502763e-5 0.00014611014384885993 0.00011972392358083894 0.00017541170805057682 0.00017541170805168704 0.0005656050550451042 1.6209256159527285e-14 1.2212453270876722e-14 1.2212453270876722e-14 2.4868995751603507e-14 4.245807401999895e-8
70 0.5916305371971712 0.009514887971031769 2.651091286473487e-5 4.6997786408341025e-5 4.699778640831604e-5 0.00015207977189868565 0.00013308670212541784 0.00020699762546350087 0.00020699762545883793 0.0006194401514365566 3.2862601528904634e-14 3.26405569239796e-14 3.1530333899354446e-14 1.9539925233402755e-14 2.5702744834796524e-8
80 0.6867433244671226 0.009510129450850573 2.9273896333322935e-5 5.006432604971085e-5 5.0064326049655184e-5 0.0001543562828041634 0.00014872443465607788 0.0002214502614843461 0.00022145026148812086 0.0006620128954004656 8.881784197001252e-15 2.9531932455029164e-14 2.9976021664879227e-14 5.950795411990839e-14 9.664545740337836e-9
90 0.7818670018426153 0.009511885315512692 3.368088133078719e-5 5.326717247040609e-5 5.326717247028944e-5 0.00015482243394667245 0.00017085929255777899 0.00021934037407378426 0.0002193403740764488 0.0006561183835778195 1.1102230246251565e-14 2.020605904817785e-14 2.042810365310288e-14 2.6645352591003757e-15 9.244494226757171e-10
100 0.8769777816921018 0.009510795773533295 3.9872231247928406e-5 5.661297561757255e-5 5.661297561744999e-5 0.00015307074870741797 0.00020572735217028182 0.00022813941016552874 0.00022813941016908146 0.0006804284521924053 2.9531932455029164e-14 3.8191672047105385e-14 3.730349362740526e-14 6.838973831690964e-14 2.2624252518927e-9
110 0.9721090795062503 0.009512597999467213 4.733952032692349e-5 5.998776215164109e-5 5.998776215151501e-5 0.00014944316783490404 0.0002994088638668124 0.00024836718145193615 0.00024836718145504477 0.0005636954496952562 4.285460875053104e-14 4.440892098500626e-14 4.440892098500626e-14 9.14823772291129e-14 9.07475953695628e-9
120 1.0672178829110153 0.009512851518181663 5.6430032904493664e-5 6.402008488896959e-5 6.402008488885251e-5 0.00014573175510393112 0.00035001516356780726 0.0002553799112350319 0.0002553799112474664 0.0005548744770211833 4.951594689828198e-14 2.7977620220553945e-14 2.8199664825478976e-14 7.105427357601002e-14 1.6898843282837785e-8
130 1.1623450964969042 0.009511064169026792 6.705799685572768e-5 6.891629717941038e-5 6.891629717927604e-5 0.00014261892599983942 0.00040726459972351137 0.0002591950161678902 0.0002591950161647816 0.0006050838338289566 2.5091040356528538e-14 3.8191672047105385e-14 3.885780586188048e-14 1.2523315717771766e-13 2.3806327174184983e-8
140 1.2574671944401667 0.009513158759847158 7.888258828532712e-5 7.481616397499856e-5 7.481616397483528e-5 0.0001423611626991646 0.0004952906007864577 0.00031147677768217363 0.0003114767776803973 0.0006728810128615592 4.440892098500626e-14 4.063416270128073e-14 3.930189507173054e-14 4.796163466380676e-14 2.6654401947542056e-8
150 1.3525858461008973 0.009511357533252765 9.151891375365315e-5 8.15995251721107e-5 8.159952517196917e-5 0.00014498467919983477 0.0005134333763012755 0.00035179495379322745 0.0003517949537990006 0.0007147825539135511 4.529709940470639e-14 4.4853010194856324e-14 4.6629367034256575e-14 1.2523315717771766e-13 2.1159220146830397e-8
160 1.4477126671038694 0.009512649990813618 0.00010460560797681633 8.910475919007732e-5 8.910475918998825e-5 0.0001509378702987974 0.0006079984399516292 0.00038158576147484524 0.0003815857614717366 0.0008330573950323661 5.218048215738236e-14 4.5075054799781356e-14 4.4853010194856324e-14 1.0302869668521453e-13 4.421712200006607e-9
170 1.5428306186054301 0.009512569676972366 0.00011743915713781093 9.673652336366273e-5 9.673652336360566e-5 0.00015875153516289097 0.0006680180807134839 0.0004466070538002853 0.0004466070538047262 0.0009386806934905678 7.860379014346108e-14 5.040412531798211e-14 5.1958437552457326e-14 1.1013412404281553e-13 -1.9437168172858055e-8
180 1.637957092553565 0.009511521125358094 0.00012950792163312884 0.00010400477845533466 0.00010400477845527747 0.00016656602329384563 0.0006808110657683386 0.0004822838093823112 0.00048228380938608595 0.001026854329653215 5.10702591327572e-14 6.350475700855895e-14 6.52811138479592e-14 1.163513729807164e-13 -4.149881882338262e-8
190 1.7330779298211176 0.009513120214256683 0.0001405541434652718 0.00011071967399566682 0.00011071967399557365 0.00017390517474183095 0.0007903573579475243 0.0005194376795762956 0.0005194376795771838 0.001107276561572057 7.438494264988549e-14 7.194245199571014e-14 7.172040739078511e-14 1.4832579608992091e-13 -5.131963953196848e-8
200 1.828200794653586 0.009511598404027087 0.00015005331924117363 0.00011629864363253623 0.00011629864363243204 0.00017872551505574894 0.0008091029701264851 0.0005590556035999228 0.0005590556035928174 0.0010953170543293034 6.261657858885883e-14 6.150635556423367e-14 6.261657858885883e-14 1.5187850976872141e-13 -4.608249678545905e-8
210 1.9233252441164317 0.009512661083495863 0.0001579319808202411 0.00012075993178581753 0.00012075993178570953 0.00018128211189618994 0.0008652148088796885 0.0005621776009445689 0.0005621776009325785 0.0011481781332403074 9.592326932761353e-14 5.861977570020827e-14 5.728750807065808e-14 1.4477308241112041e-13 -3.0168617994027175e-8
220 2.0184455410534126 0.009512334829549251 0.00016406826042842512 0.00012399567676156254 0.00012399567676141439 0.00018122996978513765 0.0009330626782131368 0.0006207516501399724 0.0006207516501439692 0.0011389092666886924 7.37188088351104e-14 5.3734794391857577e-14 5.684341886080802e-14 1.305622276959184e-13 -8.037184240094838e-9
230 2.1135726081549886 0.009512140746523536 0.00016829532089524183 0.00012584246217727194 0.0001258424621771052 0.000178238116536522 0.0008753937628109831 0.0005920350006292097 0.0005920350006332065 0.0011547317126447965 8.193445921733655e-14 7.194245199571014e-14 7.172040739078511e-14 1.8385293287792592e-13 1.5679686185019013e-8
240 2.2086939700525514 0.009512738250045005 0.0001706913790220071 0.00012647284913041787 0.0001264728491302211 0.00017306096596682354 0.0009875402196231065 0.0006369435843911475 0.0006369435843982529 0.001171698035591362 9.037215420448774e-14 7.971401316808624e-14 7.926992395823618e-14 1.509903313490213e-13 3.69980931560908e-8
250 2.3038180824189807 0.009511940291303252 0.00017130794051041403 0.00012591197144887496 0.000125911971448667 0.0001657405053257517 0.0009738437856183779 0.0006182732767769927 0.0006182732767774368 0.0010577704291652168 8.659739592076221e-14 7.30526750203353e-14 7.172040739078511e-14 1.8740564655672642e-13 5.064584579207677e-8
260 2.3989427970517143 0.009512722591860786 0.00017029473725064333 0.00012431981429615108 0.00012431981429594552 0.00015720915485235956 0.0009557328864953085 0.0006010180595348302 0.0006010180595330539 0.0010826700300539116 8.348877145181177e-14 9.237055564881302e-14 9.281464485866309e-14 1.7408297026122455e-13 5.1302849456459174e-8
270 2.49406438682662 0.009512142104638735 0.0001679740429443429 0.00012200557657423636 0.00012200557657396202 0.00014848930163312342 0.0009958743788662794 0.0005977439230013815 0.0005977439230049342 0.0009375055425877576 9.880984919163893e-14 8.615330671091215e-14 8.415490526658687e-14 2.1405099914773018e-13 3.96534516518227e-8
280 2.589190032383345 0.009512399308057924 0.00016479801878680413 0.0001193481855125825 0.00011934818551230944 0.00014102504734876984 0.0009044203320391908 0.0005162113084655751 0.0005162113084598019 0.0008954523588835528 9.192646643896296e-14 1.0613732115416497e-13 1.0835776720341528e-13 2.1938006966593093e-13 2.3668208087274633e-8
290 2.6843126626867297 0.009512551459164905 0.00016120976082780413 0.00011669878890634953 0.00011669878890611467 0.00013603898714573918 0.0009480273412063589 0.0005390094004567025 0.0005390094004593671 0.0007815651606817298 8.815170815523743e-14 9.592326932761353e-14 9.681144774731365e-14 2.2737367544323206e-13 1.3235333550237992e-8
300 2.779436366856493 0.009512011860192779 0.0001577730181896764 0.00011449164161410984 0.0001144916416138916 0.00013408947834285358 0.0009373954360496484 0.0005025320768354824 0.0005025320768257124 0.000688523305648836 1.099120794378905e-13 1.2101430968414206e-13 1.2168044349891716e-13 1.7497114868092467e-13 1.2622988922326185e-8
310 2.874559862756956 0.009512639414802007 0.00015503537161225847 0.00011310677344267247 0.00011310677344250099 0.0001353630276531448 0.0008587366364030125 0.00048147733974301943 0.0004814773397452399 0.000616613221524176 9.325873406851315e-14 1.2168044349891716e-13 1.2212453270876722e-13 1.8829382497642655e-13 1.977754632039347e-8
320 2.9696827777980577 0.00951217275805771 0.00015336494146404894 0.00011269027318698873 0.00011269027318688554 0.00013853525661825699 0.0009369874184028681 0.0005121483323247134 0.0005121483323269338 0.000537579158909729 1.3811174426336947e-13 1.1546319456101628e-13 1.1590728377086634e-13 2.149391775674303e-13 2.9790894476331007e-8
330 3.064807242253777 0.009512385650680268 0.00015316220946262754 0.00011344738242855676 0.00011344738242850873 0.0001426786278211591 0.0008994520642171544 0.0004910946865854804 0.0004910946865854804 0.0004945813695353962 1.2656542480726785e-13 1.0769163338864018e-13 1.1035616864774056e-13 2.2648549702353193e-13 3.910296691020989e-8
340 3.1599296248198394 0.009512424902485434 0.00015464994314847024 0.00011540518914213465 0.00011540518914213447 0.00014680327166666563 0.0009204788035379607 0.0005242327537948732 0.0005242327537970937 0.0005227542732217927 1.27675647831893e-13 1.0635936575909e-13 1.028066520802895e-13 2.566835632933362e-13 4.5450105477485585e-8
350 3.255053688971145 0.009512137063676738 0.00015780162872037676 0.00011839208371182063 0.00011839208371191297 0.00014991095586073562 0.0009789378547981897 0.0005473714132220309 0.0005473714132113727 0.0005482318899532324 1.3700152123874432e-13 1.1390888232654106e-13 1.1368683772161603e-13 2.788880237858393e-13 4.473299968108959e-8
360 3.3501758182057757 0.009512408975078629 0.00016257835775675714 0.00012233154151563934 0.0001223315415157198 0.00015188911952468046 0.0008990395113368521 0.0005183062254401349 0.0005183062254432436 0.0005969817325626181 1.2323475573339238e-13 1.2789769243681803e-13 1.2656542480726785e-13 2.113864638886298e-13 3.2726390201276135e-8
370 3.4452984413543093 0.009512172031963225 0.0001687485861246467 0.0001269888523773384 0.00012698885237743705 0.00015238021923524416 0.001034618740648252 0.0005631750899977028 0.000563175089988377 0.0006222040123526895 1.2967404927621828e-13 1.3034018309099338e-13 1.305622276959184e-13 2.2737367544323206e-13 1.0048682188604694e-8
380 3.5404221368418445 0.009512378441011897 0.00017599801460953026 0.00013213199426079193 0.0001321319942608622 0.00015140205073146577 0.001052509268687274 0.0005715305410403104 0.00057153054103809 0.0005704342298407106 1.156852391659413e-13 1.3322676295501878e-13 1.3278267374516872e-13 3.0819791163594346e-13 -1.5760899848936716e-8
390 3.6355442047135393 0.00951226265932589 0.00018406708906315203 0.0001376178574491043 0.0001376178574491528 0.0001492476718857423 0.0010443618325859383 0.0005781427887749935 0.0005781427887785462 0.0005913404705433223 1.4077627952246985e-13 1.2168044349891716e-13 1.2012613126444194e-13 3.0109248427834245e-13 -3.370019819178252e-8
400 3.7306677194876734 0.00951225605254073 0.00019274604607916375 0.000143347516980844 0.00014334751698086504 0.00014640589690436616 0.0011619160689169128 0.0006174674502559263 0.0006174674502479327 0.0006059970137721749 1.596500709410975e-13 1.383337888682945e-13 1.3811174426336947e-13 2.9398705692074145e-13 -3.7087882456774286e-8
410 3.8257904469089636 0.00951238270369608 0.00020185121942636704 0.0001492643272693426 0.00014926432726933522 0.0001436755020473044 0.0011193324864424703 0.0006218498490051516 0.0006218498489967139 0.0006133650745363539 1.3877787807814457e-13 1.3811174426336947e-13 1.3788969965844444e-13 2.540190280342358e-13 -2.6974784593776792e-8
420 3.9209134113748783 0.009512223027198915 0.00021128293851106918 0.0001553817757746263 0.00015538177577455084 0.00014196486190914403 0.0012052486685676378 0.0006561054700622293 0.0006561054700684466 0.0007084987398959797 1.4632739464559563e-13 1.3988810110276972e-13 1.389999226830696e-13 3.055333763768431e-13 -8.561878348035887e-9
430 4.016037288240844 0.009512457331514493 0.00022093060346801106 0.00016168103608609925 0.00016168103608599522 0.00014206597162133455 0.0012708399301457618 0.0007062239396327108 0.0007062239396375958 0.0007304197064659235 1.5498713423767185e-13 1.3367085216486885e-13 1.3433698597964394e-13 3.055333763768431e-13 1.3597900356426986e-8
440 4.111160639298859 0.009512323880470012 0.00023061476071398163 0.00016806482781294986 0.0001680648278128019 0.00014406278475054282 0.0012362216794787884 0.0006733432927705785 0.000673343292778128 0.0007798080688079523 1.800781745942004e-13 1.41886502547095e-13 1.396660564978447e-13 3.0375701953744283e-13 3.580122906450987e-8
450 4.2062842481184175 0.009512287866813553 0.00024014863243550312 0.00017441750655557752 0.0001744175065553853 0.000147652084569672 0.0013518083014720794 0.0007516050233959959 0.0007516050233853377 0.0008470261555775238 1.6275869541004795e-13 1.532107773982716e-13 1.5076828674409626e-13 3.659295089164516e-13 5.306831175495485e-8
460 4.3014071038501225 0.009512378626664283 0.0002492925014803759 0.00018055471686285153 0.0001805547168625991 0.00015205768669663045 0.0013484295978436478 0.0007779491821522377 0.000777949182143356 0.0008389066884841867 1.638689184346731e-13 1.5565326805244695e-13 1.5520917884259688e-13 3.126388037344441e-13 5.955428076497196e-8
470 4.396530494679072 0.009512253107256492 0.000257763981909621 0.00018624215036579123 0.0001862421503655186 0.00015622045942635803 0.0014040173187854776 0.000758501568082881 0.0007585015680864338 0.0009259220847868121 1.6764367671839864e-13 1.6608936448392342e-13 1.680877659282487e-13 2.7267077484793845e-13 5.2767553806569e-8
480 4.491653749305596 0.00951239240002795 0.0002653447387097018 0.0001913190073354163 0.0001913190073350665 0.00015955183843622577 0.0014668652126754722 0.0008408254040599417 0.0008408254040603858 0.0009613142132716135 1.574296248918472e-13 1.6475709685437323e-13 1.616484723854228e-13 3.206324095117452e-13 3.766040233371974e-8
490 4.586777105543021 0.009512324502277143 0.0002718153922363518 0.00019560784297510437 0.00019560784297471096 0.00016150968416660616 0.0013903130318486667 0.0008173035310807819 0.0008173035310936605 0.0009484358899554124 1.7830181775480014e-13 1.7430501486614958e-13 1.7341683644644945e-13 4.04121180963557e-13 2.424360973452307e-8
500 4.681900801902829 0.00951233502894441 0.0002769949146661187 0.00019897337064098128 0.00019897337064055738 0.0001618344129020191 0.0015335246105854239 0.0008534046211146062 0.0008534046211159385 0.0010245032619815575 1.8807178037150152e-13 1.6409096303959814e-13 1.63202784619898e-13 3.2951419370874646e-13 1.9963249574477023e-8
510 4.777023715389625 0.009512334835142215 0.0002807764362085945 0.00020135076345447167 0.00020135076345402926 0.0001605348666262777 0.0015248966805954112 0.0008847998532055534 0.0008847998532113266 0.000991757755888223 2.0028423364237824e-13 1.7474910407599964e-13 1.7563728249569976e-13 3.170796958329447e-13 2.5260718470456935e-8
520 4.8721474134793885 0.00951235310727348 0.0002830983526102632 0.00020270140306327973 0.00020270140306279439 0.00015768318898706438 0.0015352941532613684 0.0008273860326486471 0.0008273860326535321 0.0010094131425164576 1.8984813721090177e-13 1.6830981053317373e-13 1.6986412276764895e-13 3.517186542012496e-13 3.5662666142198435e-8
530 4.9672713154854025 0.009512426984261775 0.00028396666813989847 0.00020304129259374892 0.00020304129259322745 0.0001535256817890708 0.0015792460253249985 0.0008913731328141772 0.000891373132823059 0.001000977086005328 1.7008616737257398e-13 1.7785772854495008e-13 1.7852386235972517e-13 3.739231146937527e-13 4.672831928016868e-8
540 5.062395155176748 0.009512365027836195 0.00028350883870721655 0.00020248732086858125 0.00020248732086802288 0.0001485748198760972 0.0014932264200542278 0.0008466617719866676 0.000846661771998658 0.0009156329728998713 1.7563728249569976e-13 1.9384494009955233e-13 1.936228954946273e-13 3.588240815588506e-13 5.57223443965155e-8
550 5.157519167841497 0.00951239175905304 0.0002819430271773547 0.0002012177346736755 0.000201217734673089 0.00014356066987237295 0.001584703448368252 0.0008405474592159123 0.0008405474592136919 0.0009287735756702276 2.0095036745715333e-13 2.0450308113595383e-13 2.0539125955565396e-13 3.8813396940895473e-13 5.9346673232088523e-8
560 5.252642607215624 0.009512344419414984 0.00027957391760373017 0.00019947424793496812 0.00019947424793436867 0.0001393356450799093 0.0015543070142087778 0.0008538977795518043 0.0008538977795358171 0.000818693343160426 1.8407497748285095e-13 1.822986206434507e-13 1.8207657603852567e-13 3.9612757518625585e-13 5.2906191513712845e-8
570 5.347766077102437 0.009512327119618502 0.00027680143182005874 0.00019756663417305745 0.00019756663417238636 0.00013673288855386447 0.0014770232585981091 0.0008028105270350139 0.0008028105270367902 0.000805186227066379 1.9229062786507711e-13 2.020605904817785e-13 2.0383694732117874e-13 4.476419235288631e-13 3.4142750023266814e-8
580 5.442889709671084 0.009512406421781512 0.00027405367367322025 0.00019580912739631439 0.0001958091273956225 0.00013623506605513493 0.0015544667337912266 0.0008143872573498356 0.0008143872573493915 0.0007371711221155763 2.0961010704922955e-13 2.05613304160579e-13 2.0605739337042905e-13 3.801403636316536e-13 7.735015386612953e-9
590 5.538013427062894 0.00951233464749771 0.0002717376100693357 0.00019448070689969866 0.00019448070689900338 0.0001377059352449352 0.0014976949307059506 0.0007905132138046334 0.0007905132138046334 0.0006719216369583947 1.9029222642075183e-13 2.120525977034049e-13 2.0872192862952943e-13 3.872457909892546e-13 -1.5821996426283922e-8
600 5.633136893767557 0.009512346199904062 0.0002702388978055793 0.00019383402162044717 0.00019383402161976548 0.00014067869032575734 0.001508006751671065 0.000806179457774725 0.0008061794577614023 0.0006507038888470262 2.0472512574087887e-13 2.084998840246044e-13 2.0894397323445446e-13 4.147793219999585e-13 -2.7001801605378244e-8
610 5.728260059651908 0.009512317947025412 0.00026985000048405954 0.00019403119925529515 0.00019403119925466824 0.0001443540420137653 0.0015368241563704643 0.0008280764110004668 0.0008280764110053518 0.000585711998939864 2.1005419625907962e-13 2.2426505097428162e-13 2.2426505097428162e-13 4.121147867408581e-13 -2.3296163385121325e-8
620 5.823383384583984 0.009512319846752696 0.00027075300770453887 0.0001951495070792746 0.00019514950707878048 0.00014798427714148013 0.0014401458319377447 0.0008000739236084797 0.0008000739236209142 0.000582830056375272 2.2426505097428162e-13 2.1294077612310502e-13 2.142730437526552e-13 4.4853010194856324e-13 -8.62101577348498e-9
630 5.918506640699956 0.009512354876128531 0.00027302772789660027 0.00019719520561897408 0.00019719520561860626 0.0001510467241906373 0.001567517641277938 0.0008284361738017942 0.0008284361737942447 0.0005855161329817449 2.0605739337042905e-13 2.1360690993788012e-13 2.169375790117556e-13 4.227729277772596e-13 1.1804573375005208e-8
640 6.013630228267671 0.009512342785508665 0.00027662773017478424 0.00020008364448539625 0.00020008364448518586 0.0001531327974411412 0.001561211919838268 0.0008546338854675817 0.0008546338854586999 0.0005575711179508502 2.353672812205332e-13 2.091660178393795e-13 2.0938806244430452e-13 3.9523939676655573e-13 3.413011362620266e-8
650 6.108753544958338 0.009512317461289393 0.0002814049999189108 0.0002036734864465055 0.00020367348644643164 0.00015399754257903932 0.0015507214832135574 0.0008431024305330936 0.0008431024305308732 0.0005931982207911801 2.1094237467877974e-13 2.240430063693566e-13 2.2737367544323206e-13 4.849454171562684e-13 5.415206496955204e-8
660 6.203876389384961 0.009512274485876982 0.00028716015018453447 0.00020780542155718375 0.00020780542155720555 0.000153569702689552 0.001649788502438465 0.0008819240738096035 0.0008819240738193734 0.0006239162721204394 2.162714451969805e-13 2.3936408410918375e-13 2.375877272697835e-13 4.600764214046649e-13 6.595434636658662e-8
670 6.29899928699686 0.0095122930198415 0.0002936703262766825 0.00021231842061848906 0.00021231842061857734 0.00015191176799757674 0.0015834136696057932 0.0008756149685167358 0.000875614968502969 0.0005928553597795982 2.353672812205332e-13 2.3381296898605797e-13 2.3647750424515834e-13 5.435651928564766e-13 6.483429988130285e-8
680 6.394122293545232 0.009512316822365646 0.000300730345184184 0.00021708676287648162 0.00021708676287661172 0.00014931172913802972 0.0017068738819676632 0.000905462602674767 0.0009054626026765433 0.0006784581376084731 2.4424906541753444e-13 2.4802382370125997e-13 2.4846791291111003e-13 5.053735208093713e-13 5.2368622894927594e-8
690 6.489245495031 0.009512316177808169 0.00030818588721327127 0.00022204059099516018 0.00022204059099529693 0.00014634185995319264 0.001711489873340355 0.0009314582016655137 0.000931458201656632 0.0007005033634737146 2.426947531830592e-13 2.318145675417327e-13 2.347011474057581e-13 4.5297099404706387e-13 3.709138475448175e-8
700 6.584368750112434 0.009512328320657052 0.0003159137983190964 0.00022713760292354115 0.00022713760292367784 0.00014372441219582296 0.0016604810998552821 0.0009043243582960159 0.0009043243583097826 0.0007018361949997498 2.6401103525586223e-13 2.6689761511988763e-13 2.680078381445128e-13 5.027089855502709e-13 2.8564590957949066e-8
710 6.679491804943448 0.009512295069606769 0.0003238083584055934 0.00023234829184542094 0.00023234829184555597 0.00014212762043030184 0.0018312324664484514 0.0009641256258738906 0.0009641256258752229 0.0007723869946163475 2.504663143554353e-13 2.7555735471196385e-13 2.76667577736589e-13 4.716227408607665e-13 3.052449044279883e-8
720 6.774614927328013 0.00951232374197376 0.0003317639920917012 0.00023763596660643393 0.0002376359666065456 0.00014199327290269096 0.0017455097171708012 0.0009664399992845851 0.0009664399993014605 0.0007642881854108552 2.5779378631796135e-13 2.580158309228864e-13 2.5979218776228663e-13 5.346834086594754e-13 4.0036596332672e-8
730 6.869738338773532 0.009512364432001883 0.00033963945740831156 0.00024291956232743017 0.00024291956232749416 0.00014328148440007781 0.0018419183978255482 0.0009793364557060258 0.0009793364557091344 0.0008083828601010978 2.5424107263916085e-13 2.5979218776228663e-13 2.609024107869118e-13 5.222489107836736e-13 5.205648881470299e-8
740 6.964862076543565 0.009512364904093427 0.00034725997258269433 0.0002480785556859586 0.00024807855568594603 0.00014554676228000637 0.0019155481117865136 0.0010016016124763105 0.0010016016124798632 0.0008474194300394089 2.6001423236721166e-13 2.509104035652854e-13 2.489120021209601e-13 4.787281682183675e-13 6.307454626335617e-8
750 7.059985618943694 0.009512350242476616 0.00035443651687345893 0.00025297491014365233 0.0002529749101435925 0.00014817855671932936 0.0017533652534562627 0.0010079594042124995 0.0010079594042138318 0.000808282328748966 2.757793993168889e-13 2.6845192735436285e-13 2.7067237340361316e-13 5.773159728050814e-13 7.017856873768349e-8
760 7.1551089364609775 0.009512315015151804 0.0003609643380961236 0.0002574514602173326 0.0002574514602171831 0.00015055918890742945 0.001987916111841681 0.0010484637740728608 0.0010484637740750813 0.0008947145175639548 2.3936408410918375e-13 2.69562150378988e-13 2.7000623958883807e-13 4.9649173661237e-13 6.892786213017451e-8
770 7.2502320473392095 0.009512310776314337 0.00036664593716505007 0.00026135697286131486 0.00026135697286112935 0.00015222642494662226 0.0019509088841580535 0.0010577263461830633 0.0010577263461724051 0.0009036921843446066 2.5868196473766147e-13 2.644551244657123e-13 2.6689761511988763e-13 5.799805080641818e-13 5.5181540708958394e-8
780 7.345355224924868 0.009512331504084592 0.00037131111521315156 0.0002645626615900585 0.00026456266158981123 0.00015291242195985841 0.0019379620197850222 0.0010364603874100098 0.0010364603874153389 0.0008967808043092163 2.7688962234151404e-13 2.686739719592879e-13 2.680078381445128e-13 5.568878691519785e-13 3.021718232764972e-8
790 7.4404787078393 0.009512353255985971 0.00037482131139898186 0.0002669642897014906 0.00026696428970118623 0.00015247861910379793 0.002075471682154273 0.0010810003918146904 0.0010810003918204636 0.0009501553446424893 2.7777780076121417e-13 2.7000623958883807e-13 2.7200464103316335e-13 5.524469770534779e-13 2.651285686696165e-9
800 7.5356021662679 0.009512337567398395 0.00037708867002980945 0.00026849724029799594 0.0002684972402976166 0.00015092526639769703 0.0019068952183283194 0.0010796826407988291 0.0010796826407948323 0.0008989384071931283 2.864375403532904e-13 2.964295475749168e-13 2.948752353404416e-13 5.897504706808832e-13 -1.6403908333364272e-8
810 7.630725423455434 0.009512321264067215 0.00037810184658387894 0.00026915625319369485 0.0002691562531931866 0.00014841100942663456 0.002062536031539164 0.0010897597187149444 0.0010897597187256025 0.0009332443184026928 3.206324095117452e-13 2.8066438062523957e-13 2.822186928597148e-13 5.355715870791755e-13 -2.0751685664866066e-8
820 7.725848748565544 0.009512342272398423 0.00037793192664055137 0.0002689976742449679 0.0002689976742443824 0.00014526602320736348 0.0020690542608141627 0.001087159165060303 0.0010871591650398749 0.0009182278095654084 2.8044233602031454e-13 2.9687363678476686e-13 2.9753977059954195e-13 6.394884621840902e-13 -1.1702658972494977e-8
830 7.8209722917669735 0.009512369131421651 0.0003767448334327527 0.00026815123779113444 0.00026815123779044874 0.00014203624612323416 0.0019061117645695624 0.0010437688096556208 0.0010437688096640585 0.0008557719424411303 2.8910207561239076e-13 2.844391389089651e-13 2.8332891588433995e-13 5.240252676230739e-13 5.680439363992596e-9
840 7.91609615609889 0.00951239315600759 0.0003748016740732711 0.0002668168313529958 0.0002668168313521796 0.00013943098768649754 0.002093172888613548 0.0010872924797311612 0.0010872924797289407 0.0008707587948313389 3.057554209817681e-13 3.090860900556436e-13 3.0953017926549364e-13 6.261657858885883e-13 2.702187759660381e-8
850 8.011220046127942 0.009512382072935211 0.0003724338469349824 0.0002652424104068201 0.00026524241040594285 0.00013811405165549864 0.0019717778629910754 0.0010650115408665783 0.001065011540855032 0.0007816810850558298 3.0531133177191805e-13 2.9243274468626623e-13 2.9265478929119126e-13 5.870859354217828e-13 4.864972334030555e-8
860 8.106343622767115 0.00951233543852303 0.00037001126942612757 0.00026369814949905445 0.0002636981494980984 0.00013847888229245018 0.0019856558308117833 0.001060318809198435 0.0010603188091868887 0.0007849972815225925 3.290701044988964e-13 2.9687363678476686e-13 2.9620750296999176e-13 5.933031843596837e-13 6.528718765845402e-8
870 8.20146689271784 0.009512327543475854 0.00036791003643956176 0.0002624499127687815 0.00026244991276778377 0.00014052419897250918 0.0020606217949672434 0.0010783474005666704 0.001078347400549351 0.0007428207688793265 3.077538224260934e-13 3.008704396734174e-13 3.0175861809311755e-13 5.861977570020827e-13 7.093390096967503e-8
880 8.296590208769624 0.009512336683834726 0.00036646782671030176 0.00026172264390620905 0.00026172264390525516 0.0001438150179668348 0.001847218514868132 0.0010496458391857644 0.0010496458391795471 0.0006913665963015347 2.886579864025407e-13 3.1041835768519377e-13 3.093081346605686e-13 6.226130722097878e-13 6.379267544073743e-8
890 8.391713658435865 0.009512347839690039 0.00036595776029355764 0.000261687330466453 0.000261687330465587 0.00014771472640011195 0.0020419927594090836 0.0010713482671920183 0.001071348267186245 0.0007000885426640124 3.1863400806741993e-13 3.1397107136399427e-13 3.164135620181696e-13 6.368239269249898e-13 4.961833708813954e-8
900 8.486837064478031 0.009512332580867951 0.00036656572087911276 0.0002624462263814481 0.00026244622638075084 0.00015158838812657824 0.002016537755055392 0.0010950711335047103 0.001095071133483394 0.0006543432432932761 3.0597746558669314e-13 3.2929214910382143e-13 3.2951419370874646e-13 6.288303211476887e-13 3.841574210773032e-8
910 8.58196024868363 0.009512306299780388 0.0003683736446211214 0.00026402354903946743 0.00026402354903895596 0.00015489903720446546 0.0019252038935659854 0.0010644740631207128 0.0010644740631184924 0.0006617495908658455 3.008704396734174e-13 3.2529534621517087e-13 3.228528555609955e-13 6.501466032204917e-13 3.699754973760913e-8
920 8.677083245982146 0.009512300179808477 0.0003713622491894616 0.00026637317977702 0.00026637317977667156 0.00015725163197247727 0.0021053198088840652 0.001094225831643758 0.0010942258316353204 0.0006810429167565246 3.148592497836944e-13 3.3595348725157237e-13 3.3661962106634746e-13 6.181721801112872e-13 4.4993459295182176e-8
930 8.772206381305425 0.009512327984914195 0.0003754270060975045 0.00026939435687866345 0.0002693943568784486 0.00015838699798446362 0.0019708640223563556 0.001105440630307708 0.0011054406302943853 0.0006441010800655178 3.219646771412954e-13 3.106404022901188e-13 3.12194714524594e-13 6.323830348264892e-13 5.757129512135001e-8
940 8.86732982053587 0.00951235226319225 0.00038040051052936323 0.00027294914254780926 0.0002729491425477288 0.00015815347042363013 0.0020842891840513467 0.0011065381945107866 0.0011065381945214448 0.0006957712686439521 3.2307490016592055e-13 3.1885605267234496e-13 3.1907809727727e-13 6.590283874174929e-13 7.029368582146425e-8
950 8.96245331952269 0.009512343505362945 0.000386092702333373 0.00027689695814072285 0.00027689695814069005 0.00015655851955942188 0.0021578169149130133 0.0011437438326891147 0.0011437438327037697 0.0007169503009656353 3.206324095117452e-13 3.348432642269472e-13 3.348432642269472e-13 6.972200594645983e-13 8.020632168329475e-8
960 9.057576574029065 0.009512309157815207 0.0003923241756526558 0.0002811200615869688 0.00028112006158693113 0.0001538207525113544 0.0019432021570615632 0.001118917024506949 0.001118917024516275 0.0006826128735912818 3.3306690738754696e-13 3.3795188869589765e-13 3.3995029014022293e-13 6.963318810448982e-13 8.351516766252269e-8
970 9.152699560730985 0.009512295564137754 0.000398943635680757 0.00028553489370750323 0.00028553489370743536 0.00015039738416947377 0.0022217268210300567 0.0011607540712490483 0.0011607540712583742 0.0007566349317693621 3.312905505481467e-13 3.5083047578154947e-13 3.530509218307998e-13 6.687983500341943e-13 7.530438727834675e-8
980 9.247822557163799 0.009512306318066257 0.0004058343064447667 0.0002900927057987501 0.00029009270579860195 0.00014694513066233018 0.0021717068002105044 0.001172877349778112 0.001172877349793211 0.000755046609333121 3.47499806707674e-13 3.4638958368304884e-13 3.468336728928989e-13 6.554756737386924e-13 5.380723944299476e-8
990 9.342945771007523 0.009512332103367887 0.00041290260285508143 0.0002947649465634013 0.00029476494656316464 0.00014417441939215073 0.0021537224744729855 0.0011549495728466752 0.0011549495728488957 0.0007587682695593401 3.5504932327512506e-13 3.481659405224491e-13 3.4727776210274897e-13 7.203126983768016e-13 2.4622898551919464e-8
1000 9.438069106276116 0.009512330924305564 0.00042005274242601175 0.0002995168813643547 0.0002995168813640456 0.0001426150624900906 0.002316402525726069 0.0011977784754164666 0.0011977784754191312 0.0008058752546791226 3.530509218307998e-13 3.446132268436486e-13 3.446132268436486e-13 7.309708394132031e-13 -1.1781486128647795e-9
1010 9.533192305105953 0.009512308435280947 0.0004271704779640403 0.00030429107581004405 0.0003042910758096807 0.00014244668240407835 0.002138026136681237 0.0011962626554078426 0.0011962626554304912 0.0007738082492654286 3.863576125695545e-13 3.708144902248023e-13 3.6903813338540203e-13 6.803446694902959e-13 -1.431072512401998e-8
1020 9.628315318133858 0.009512302114776734 0.00043411448769015533 0.00030899864615963795 0.0003089986461592454 0.00014344545160327102 0.0023255417863805583 0.0012216461208547358 0.0012216461208618412 0.000822571580375353 3.561595462997502e-13 3.468336728928989e-13 3.483879851273741e-13 7.043254868221993e-13 -1.2702029842604185e-8
1030 9.723438482427794 0.009512330509921608 0.00044071584909700955 0.00031352093183033324 0.0003135209318299371 0.0001451201716616975 0.002361776908918145 0.001233075303162856 0.001233075303142428 0.0008438259393219738 3.6548541970660153e-13 3.326228181776969e-13 3.33288951992472e-13 7.194245199571014e-13 -2.0253041603133045e-10
1040 9.81856193986646 0.00951235574085733 0.0004467891315997662 0.0003177213504652052 0.0003177213504647787 0.0001469183051335584 0.002196470931508099 0.0012180582938619011 0.0012180582938592366 0.0008064276197332632 3.6282088444750116e-13 3.588240815588506e-13 3.5926817076870066e-13 7.132072710192006e-13 1.835429388971389e-8
1050 9.913685531891296 0.009512357153738075 0.00045214795163080266 0.00032145949543392594 0.0003214594954334979 0.00014838515237108058 0.0024478460262549184 0.001271671727022028 0.0012716717270202516 0.0008781861871893781 3.856914787547794e-13 3.6060043839825084e-13 3.5860203695392556e-13 7.398526236102043e-13 3.933971811438255e-8
1060 10.0 0.0007033696205951401 0.00045624560439587496 0.0003243397296669743 0.0003243397296665436 0.0001491596611115653 0.002370112051780282 0.0012797306514404916 0.0012797306514431561 0.00087579593621534 3.8058445284150366e-13 3.6481928589182644e-13 3.6570746431152656e-13 7.842615445952106e-13 5.6875289743275515e-8
