#timestep time dt l2_rho l2_rho_v1 l2_rho_v2 l2_rho_e_total linf_rho linf_rho_v1 linf_rho_v2 linf_rho_e_total cons_rho cons_rho_v1 cons_rho_v2 cons_rho_e_total dsdu_ut 
0 0.0 0.0 0.0 0.0 0.0 0.0 0.0 0.0 0.0 0.0 0.0 0.0 0.0 0.0 4.301317585935589e-15
10 0.03857930484529976 0.006396384613151735 1.078738332255348e-6 1.8930801327684415e-6 1.8930801327664215e-6 5.822840277960005e-6 4.853852625608113e-6 8.00295275427132e-6 8.00295275427132e-6 2.3912193988451236e-5 2.1316282072803006e-14 2.020605904817785e-14 1.9761969838327786e-14 1.1546319456101628e-14 3.074691206277732e-10
20 0.11933733156002219 0.008947471006743667 2.147803614179943e-6 3.671855839464158e-6 3.6718558394411796e-6 1.2226780725331789e-5 9.741255816875238e-6 1.4243154530468871e-5 1.4243154533577496e-5 5.409391603361513e-5 1.509903313490213e-14 2.7755575615628914e-14 2.7533531010703882e-14 7.549516567451064e-14 7.631679942353772e-10
30 0.21200892347490485 0.009419031324240205 2.6571965851693117e-6 4.632653429936897e-6 4.6326534298980125e-6 1.6145469041264957e-5 1.3039331363984275e-5 1.78365235781186e-5 1.7836523578340646e-5 7.121665760045914e-5 1.6431300764452317e-14 2.864375403532904e-14 2.930988785010413e-14 1.4210854715202004e-14 1.2575910149750089e-9
40 0.3067370672758379 0.009494948016875872 2.979942731935154e-6 5.290905042250032e-6 5.290905042232297e-6 1.8422915152514076e-5 1.5140777446909226e-5 2.1413369007738936e-5 2.1413369007072802e-5 8.861169801832602e-5 2.9976021664879227e-14 2.7533531010703882e-14 2.6423307986078726e-14 3.6415315207705135e-14 1.5646660526404049e-9
50 0.4017851729473731 0.009508247162533689 3.1086312271308772e-6 5.817348612846654e-6 5.817348612818504e-6 1.980959189982847e-5 1.812529797406981e-5 2.5283649796481455e-5 2.5283649800922348e-5 9.361925355655387e-5 3.352873534367973e-14 2.90878432451791e-14 2.90878432451791e-14 7.37188088351104e-14 1.522343703219199e-9
60 0.4968941251188356 0.009511816419069298 3.1622540473773507e-6 6.297442926234512e-6 6.2974429262188455e-6 2.0721960525680505e-5 1.7449087491572257e-5 2.5774883619655853e-5 2.577488361521496e-5 9.571221610027436e-5 2.5979218776228663e-14 1.1546319456101628e-14 1.199040866595169e-14 7.549516567451064e-14 1.1348777729621597e-9
70 0.5920176431211329 0.009512368161841665 3.290941163356561e-6 6.767527335562788e-6 6.767527335515658e-6 2.131905828897772e-5 2.1348185527125807e-5 3.0469972846169924e-5 3.0469972848168325e-5 9.66400820763269e-5 4.8405723873656825e-14 4.4853010194856324e-14 4.463096558993129e-14 8.881784197001252e-14 5.588540517318739e-10
80 0.6871396728627355 0.009512480339749281 3.588894765790099e-6 7.219319567827898e-6 7.219319567765335e-6 2.159048545534156e-5 2.0860419385204665e-5 2.9092076651471288e-5 2.9092076647918574e-5 9.562984139543929e-5 4.04121180963557e-14 5.5289106626332796e-14 5.684341886080802e-14 1.0302869668521453e-13 5.996594082844647e-11
90 0.7822593266281023 0.009512424485532972 4.14212501132469e-6 7.653883927021944e-6 7.653883926937673e-6 2.1511383702499893e-5 1.87297110620932e-5 2.8819597730045388e-5 2.881959773404219e-5 9.809982394637373e-5 1.9761969838327786e-14 5.684341886080802e-14 5.684341886080802e-14 1.4210854715202004e-14 -1.7140315372900363e-10
100 0.8773821686017341 0.009511824940904084 5.029324093024338e-6 8.117250079371535e-6 8.1172500793083e-6 2.113473876658388e-5 3.164102950625747e-5 3.0355616665200813e-5 3.035561667186215e-5 9.541948222535623e-5 4.6407322429331543e-14 4.796163466380676e-14 4.8183679268731794e-14 1.0391687510491465e-13 -1.2116975685679647e-10
110 0.9725061741601426 0.009511896987166014 6.250476163961297e-6 8.65807179019148e-6 8.65807179007523e-6 2.0568196799096805e-5 4.361105064987214e-5 3.447182511528979e-5 3.4471825111737076e-5 8.794123831634693e-5 6.838973831690964e-14 4.951594689828198e-14 5.040412531798211e-14 3.375077994860476e-14 1.1190279602333588e-10
120 1.0676296784883554 0.00951271770629523 7.759515776690527e-6 9.319611376111946e-6 9.319611375931311e-6 1.9988075630861e-5 4.892792295940751e-5 3.893914118124897e-5 3.893914117458763e-5 8.400041244849277e-5 5.551115123125783e-14 3.574918139293004e-14 3.4861002973229915e-14 4.973799150320701e-14 4.12296209243984e-10
130 1.162750538949961 0.009512711186175287 9.508626756643697e-6 1.013842518318584e-5 1.0138425182997444e-5 1.9627728251822623e-5 6.609618994213307e-5 4.23043890049879e-5 4.230438900276745e-5 6.87195558941589e-5 7.482903185973555e-14 5.728750807065808e-14 5.551115123125783e-14 7.549516567451064e-14 6.642627347273991e-10
140 1.257872565549018 0.009511966433628687 1.143824782521809e-5 1.1121822696312993e-5 1.1121822696091655e-5 1.9713722687782124e-5 7.486283816193762e-5 4.7138430674387166e-5 4.713843066195267e-5 7.256583018167007e-5 5.88418203051333e-14 5.3734794391857577e-14 5.484501741648273e-14 5.1514348342607263e-14 7.362338464140695e-10
150 1.3529970660915254 0.009511760840577359 1.3473877533643806e-5 1.2239239241508625e-5 1.2239239241232608e-5 2.0355447821368442e-5 8.375028913576443e-5 5.425984389040295e-5 5.42598438841857e-5 8.444353949776939e-5 5.084821452783217e-14 5.1514348342607263e-14 5.1958437552457326e-14 6.217248937900877e-14 5.02875923635627e-10
160 1.4481198185496997 0.009512535405009988 1.5524884478934777e-5 1.342477594338806e-5 1.3424775943053214e-5 2.1455729693131714e-5 9.87311349103237e-5 6.039993762074758e-5 6.0399937623856204e-5 9.156925350595202e-5 9.015010959956271e-14 9.525713551283843e-14 9.614531393253856e-14 1.3855583347321954e-13 -4.50483685573101e-11
170 1.5432414712430313 0.009512656234291102 1.750891421311413e-5 1.4608793014175609e-5 1.4608793013817254e-5 2.279485765895673e-5 0.0001020697014340044 6.964275800225295e-5 6.964275800624975e-5 0.00011390865034721642 7.571721027943568e-14 5.950795411990839e-14 5.88418203051333e-14 1.4033219031261979e-13 -7.356388807794789e-10
180 1.6383629994060893 0.009511960397956033 1.9346402556089866e-5 1.5717575417842398e-5 1.571757541746201e-5 2.4110319643780748e-5 0.00011618190472573175 7.082079821474352e-5 7.082079820452947e-5 0.00011878447403779191 8.815170815523743e-14 7.66053886991358e-14 7.838174553853605e-14 1.3500311979441904e-13 -1.2835852972871274e-9
190 1.7334870395828892 0.009511916207119532 2.097907360094445e-5 1.6694649616583328e-5 1.6694649616165053e-5 2.5189994572440452e-5 0.00012585120383823423 8.174748858635894e-5 8.174748858502667e-5 0.00013484977470268333 7.416289804496046e-14 8.149037000748649e-14 8.215650382226158e-14 1.6608936448392342e-13 -1.468609003601011e-9
200 1.828609831294284 0.009512544428730634 2.236711429642724e-5 1.7502782144726193e-5 1.7502782144361328e-5 2.5901840758585024e-5 0.00012438696251715342 8.465165859616874e-5 8.465165859261603e-5 0.0001283101974278722 6.59472476627343e-14 8.01581023779363e-14 7.882583474838611e-14 1.6253665080512292e-13 -1.242557905951488e-9
210 1.92373077563686 0.009512685442080886 2.3486516319519988e-5 1.8121453188550754e-5 1.8121453188205843e-5 2.6180019152236824e-5 0.000141635923791128 8.863628384681022e-5 8.863628385258338e-5 0.00013449237238249978 9.08162434143378e-14 9.325873406851315e-14 9.43689570931383e-14 1.5365486660812167e-13 -7.06061465371458e-10
220 2.018853156807815 0.009511810381160531 2.4326033137552578e-5 1.854343287113231e-5 1.8543432870782555e-5 2.6009980415562264e-5 0.0001432205312519308 9.40813008232233e-5 9.408130082588784e-5 0.00013665415912367251 9.547918011776346e-14 1.0969003483296547e-13 1.0902390101819037e-13 1.1901590823981678e-13 -5.341156592461832e-12
230 2.1139770043859527 0.009511859035266468 2.488333633245358e-5 1.8769557320397507e-5 1.8769557320072324e-5 2.539697440045804e-5 0.0001462190377181649 8.921893013846827e-5 8.921893014290916e-5 0.00012563614177540927 9.414691248821327e-14 1.1235457009206584e-13 1.1102230246251565e-13 1.5720758028692217e-13 7.119220799409529e-10
240 2.209100822556215 0.009512629222114405 2.5166936502831605e-5 1.8810516203560773e-5 1.881051620326213e-5 2.4384406685571923e-5 0.00015546970468971466 9.661382772963023e-5 9.661382773851201e-5 0.00013184562869650307 1.0902390101819037e-13 1.0125233984581428e-13 1.021405182655144e-13 1.3145040611561853e-13 1.2766055034590613e-9
250 2.304221325554688 0.00951274369588993 2.51950317204069e-5 1.868471866922125e-5 1.8684718668952107e-5 2.3049668973192e-5 0.00014436810076023932 9.011844686668269e-5 9.011844685957726e-5 0.00011858726666158503 8.615330671091215e-14 1.028066520802895e-13 1.0325074129013956e-13 1.8118839761882555e-13 1.5162846222690453e-9
260 2.3993436337857124 0.009512003108922817 2.500288185207331e-5 1.8425588693059795e-5 1.8425588692764177e-5 2.153679697852549e-5 0.00015469569037440678 9.149418202269999e-5 9.149418201959136e-5 0.000112882853705365 1.141309269314661e-13 1.1657341758564144e-13 1.1435297153639112e-13 1.723066134218243e-13 1.3498855751649134e-9
270 2.4944677166087996 0.009511740194229179 2.4638358930502135e-5 1.807541926441875e-5 1.807541926411943e-5 2.0031602957127232e-5 0.00015357516027458828 8.930084040681407e-5 8.930084041480768e-5 0.00010148871379112023 1.2034817586936697e-13 1.1790568521519162e-13 1.1968204205459188e-13 1.4299672557172016e-13 8.840615284384178e-10
280 2.5895907623852397 0.009512579405270208 2.4161420322338724e-5 1.7682177019345262e-5 1.768217701906262e-5 1.874891390452651e-5 0.00014226829845487288 8.10723570956462e-5 8.107235709475802e-5 8.50150742612854e-5 1.1124434706744069e-13 1.318944953254686e-13 1.3167245072054357e-13 1.8740564655672642e-13 3.7128529534254676e-10
290 2.68471220154949 0.009512586579544504 2.36433025390411e-5 1.7303138523165683e-5 1.73031385228684e-5 1.7908580918610164e-5 0.0001523034990693617 8.29378883464571e-5 8.293788834556892e-5 7.589793055373661e-5 1.3677947663381929e-13 1.2256862191861728e-13 1.2168044349891716e-13 1.687538997430238e-13 5.565650304554203e-11
300 2.7798338768504687 0.009511996724006608 2.315468676611967e-5 1.6989299314648715e-5 1.6989299314314798e-5 1.763199903097002e-5 0.00014235909799564794 8.14254972292261e-5 8.142549721990022e-5 5.968706231129772e-5 1.341149413747189e-13 1.3211653993039363e-13 1.2945200467129325e-13 2.2382096176443156e-13 2.838727776344427e-11
310 2.8749581063084992 0.009511885357366539 2.2762962626707658e-5 1.6783881213516916e-5 1.6783881213154596e-5 1.7890410312148746e-5 0.00014421635105321684 8.073296417565601e-5 8.073296416721831e-5 5.961886465311039e-5 1.3655743202889425e-13 1.2212453270876722e-13 1.2168044349891716e-13 1.9273471707492718e-13 2.3140466663187706e-10
320 2.970080883541485 0.009512615730958294 2.252283721662824e-5 1.6714881152933292e-5 1.6714881152587957e-5 1.8512706808049556e-5 0.00014790831311239927 8.073699030353154e-5 8.073699029953474e-5 5.843736202404415e-5 1.1746159600534156e-13 1.2456702336294256e-13 1.2589929099249275e-13 1.865174681370263e-13 5.461064845367249e-10
330 3.0652022378882204 0.009512701415756733 2.2477032155522418e-5 1.6798151028124063e-5 1.679815102778666e-5 1.929669580749327e-5 0.00013285452348643645 8.413910664506474e-5 8.413910667348645e-5 6.167390491285119e-5 1.4077627952246985e-13 1.3988810110276972e-13 1.3944401189291966e-13 2.1938006966593093e-13 8.585405850513942e-10
340 3.1603243659842435 0.009511817605518759 2.265097779962663e-5 1.703515797272095e-5 1.7035157972403112e-5 2.006262625865499e-5 0.00014980100068084923 8.269234362190403e-5 8.269234361613087e-5 6.592903908142489e-5 1.4055423491754482e-13 1.2523315717771766e-13 1.2456702336294256e-13 1.9451107391432743e-13 1.041869858198342e-9
350 3.2554486998012986 0.009511886725647591 2.3049543318707e-5 1.7413567785570555e-5 1.7413567785320853e-5 2.0672726107210584e-5 0.00014932884219698295 8.599875478187968e-5 8.599875477965924e-5 6.806383742574695e-5 1.2878587085651816e-13 1.1901590823981678e-13 1.2012613126444194e-13 2.9753977059954195e-13 9.568526602361815e-10
360 3.3505723796727254 0.009512583591077605 2.3662129132745415e-5 1.7915457327519818e-5 1.7915457327348792e-5 2.1046186727788564e-5 0.0001458017216844354 8.713271539884104e-5 8.71327153921797e-5 6.761567170876503e-5 1.3011813848606835e-13 1.5520917884259688e-13 1.5565326805244695e-13 2.4424906541753444e-13 5.26452362227988e-10
370 3.445693240982273 0.009512790927177621 2.4461347191920696e-5 1.851451423373452e-5 1.8514514233605285e-5 2.1139348590463744e-5 0.00016027342793956123 8.618936668458588e-5 8.618936670279354e-5 7.16473398201245e-5 1.3655743202889425e-13 1.3877787807814457e-13 1.389999226830696e-13 2.9398705692074145e-13 -1.5574110999631233e-10
380 3.5408156443901495 0.009511981442488587 2.541767022500458e-5 1.919015618180683e-5 1.9190156181731174e-5 2.0964130622305843e-5 0.00015310355007391863 9.098648767125184e-5 9.09864876725841e-5 7.056256802817629e-5 1.56097357262297e-13 1.3167245072054357e-13 1.318944953254686e-13 2.7711166694643907e-13 -8.35004495671169e-10
390 3.6359395494928757 0.009511801450129096 2.6499369266166627e-5 1.992350878878688e-5 1.992350878870984e-5 2.0560947834738742e-5 0.00016332161515286714 8.855866852597316e-5 8.855866853485495e-5 6.591706208292081e-5 1.4588330543574557e-13 1.6120438317557273e-13 1.5987211554602254e-13 2.6911806116913795e-13 -1.236023418462019e-9
400 3.7310629756810787 0.009512593770092106 2.7681821519034696e-5 2.0704135081680457e-5 2.0704135081612898e-5 2.001719698628932e-5 0.00017061770009307864 8.937063578118298e-5 8.937063578962068e-5 6.428759133791928e-5 1.5876189252139739e-13 1.5210055437364645e-13 1.5298873279334657e-13 2.5490720645393594e-13 -1.2267866726140995e-9
410 3.8261840938130702 0.009512540854231972 2.8945701670352553e-5 2.1528176496320703e-5 2.1528176496198154e-5 1.9470745615849622e-5 0.00015577056332638506 9.397002377831143e-5 9.397002378896957e-5 6.121592688046462e-5 1.7186252421197423e-13 1.6564527527407336e-13 1.6719958750854857e-13 2.646771690706373e-13 -8.481301973874267e-10
420 3.921306148179513 0.009512032210269274 3.027463247067835e-5 2.239446501783461e-5 2.23944650176608e-5 1.9084458573683294e-5 0.00017795261410968877 9.322796424759972e-5 9.322796423205659e-5 6.342874991638325e-5 1.6786572132332367e-13 1.5587531265737198e-13 1.5498713423767185e-13 2.2115642650533118e-13 -2.324474367942232e-10
430 4.016430424434496 0.009511847842368033 3.164908132063012e-5 2.329736341205462e-5 2.3297363411853898e-5 1.899161362969537e-5 0.00017689799541908968 9.535755841350024e-5 9.535755841083571e-5 6.998921158274385e-5 1.5898393712632242e-13 1.6764367671839864e-13 1.6964207816272392e-13 3.2507330161024584e-13 4.760239307284724e-10
440 4.111553182656508 0.009512664661719857 3.30400780417267e-5 2.4219793471911256e-5 2.4219793471641974e-5 1.922676174525601e-5 0.0001741604967615551 9.450699337243407e-5 9.450699337065771e-5 6.78469241455204e-5 1.6053824936079764e-13 1.765254609153999e-13 1.7497114868092467e-13 3.348432642269472e-13 1.1217656865260763e-9
450 4.206674709046371 0.009512697684297723 3.441391771402484e-5 2.513933520215131e-5 2.513933520184782e-5 1.9744465564930757e-5 0.00018838209992200206 0.0001006337678135516 0.00010063376780822253 7.578275641595411e-5 1.5876189252139739e-13 1.4943601911454607e-13 1.5076828674409626e-13 3.7125857943465235e-13 1.525741460166739e-9
460 4.301796615724635 0.009511842120083689 3.572924916701731e-5 2.6024318355486165e-5 2.6024318355112082e-5 2.0406921858140704e-5 0.00017792416440443048 9.881292979363465e-5 9.881292978164424e-5 7.90527254821427e-5 1.8496315590255108e-13 1.8562928971732617e-13 1.8496315590255108e-13 3.099742684753437e-13 1.551157833924132e-9
470 4.396921250831788 0.00951188273397123 3.694426228480355e-5 2.6840967566668927e-5 2.6840967566283015e-5 2.1052059781786757e-5 0.0001894865773439669 0.00010079174169908 0.0001007917417035209 7.970346189889455e-5 1.9673151996357774e-13 1.8407497748285095e-13 1.8496315590255108e-13 3.268496584496461e-13 1.2129440395338146e-9
480 4.492044568327413 0.009512541385243439 3.802060812338138e-5 2.7559602635077445e-5 2.7559602634663497e-5 2.1539672104449608e-5 0.00019508872849494097 0.00010664532812310057 0.00010664532811155425 8.708531947476672e-5 1.667554982986985e-13 1.8829382497642655e-13 1.8984813721090177e-13 3.4638958368304884e-13 7.124281084008719e-10
490 4.587165809514598 0.009512809949117197 3.892637767910442e-5 2.8155792015021185e-5 2.8155792014556875e-5 2.177959146296502e-5 0.00017825418667882786 0.00010399229188262638 0.00010399229189728132 8.496651268519173e-5 1.9184653865522705e-13 1.91402449445377e-13 1.9340085088970227e-13 3.0375701953744283e-13 3.161033091485936e-10
500 4.6822879235037975 0.009511933035947329 3.9639466039423325e-5 2.861467450295562e-5 2.8614674502463676e-5 2.1741640774403275e-5 0.00020012792353618636 0.00010847240681810533 0.00010847240680833536 8.929065717300233e-5 2.0183854587685346e-13 1.6964207816272392e-13 1.7075230118734908e-13 3.4372504842394846e-13 1.911974258652478e-10
510 4.777411876076882 0.009511884897292738 4.0145094202178416e-5 2.892705536791681e-5 2.892705536740831e-5 2.142128845336772e-5 0.00019521487822338202 0.00010815289996379818 0.00010815289994514643 9.140442464516951e-5 1.9628743075372768e-13 1.9162449405030202e-13 1.9206858326015208e-13 3.4994229736184934e-13 3.3379569089185234e-10
520 4.872535338218813 0.009512553603981212 4.0439682999050685e-5 2.9092933647379754e-5 2.9092933646851097e-5 2.0852686850023264e-5 0.00019230810434889278 0.00010522606984508798 0.00010522606984597616 8.558239145539659e-5 2.013944566670034e-13 2.0650148258027912e-13 2.0672352718520415e-13 3.2862601528904634e-13 6.392472394229741e-10
530 4.96765619345339 0.009512561638971373 4.052947965935759e-5 2.9119269741984446e-5 2.9119269741421857e-5 2.0101171417787848e-5 0.00020416357123487217 0.00011151729585456849 0.00011151729584923942 9.130930144518601e-5 2.156053113822054e-13 2.013944566670034e-13 2.0117241206207837e-13 3.410605131648481e-13 9.8677767087833e-10
540 5.062778725183017 0.009512014703362872 4.043499238817185e-5 2.9024885622344694e-5 2.9024885621733333e-5 1.9288368419956857e-5 0.00018840865087188519 0.0001072917314091093 0.00010729173142287607 8.586715382108423e-5 2.1183055309847987e-13 1.9029222642075183e-13 1.9451107391432743e-13 3.632649736573512e-13 1.2585089973619594e-9
550 5.157902676248672 0.009511827529294404 4.018947107397281e-5 2.8837479578763785e-5 2.883747957815194e-5 1.856886515647749e-5 0.00020070245899406203 0.00010840740853268471 0.00010840740854600739 8.646933647504795e-5 2.298161660974074e-13 2.071676163950542e-13 2.0339285811132868e-13 4.0323300254385686e-13 1.3136139194470977e-9
560 5.253025822966565 0.009512708419037723 3.9837263550248247e-5 2.8591365798506694e-5 2.8591365797846526e-5 1.811227286530185e-5 0.00020136009585147718 0.00010890533778162848 0.0001089053377931748 8.348930380908115e-5 2.1094237467877974e-13 2.0183854587685346e-13 2.0095036745715333e-13 4.1389114358025836e-13 1.0336229369639836e-9
570 5.348147175713127 0.009512676495531867 3.9433707007678686e-5 2.8329486947128462e-5 2.832948694642112e-5 1.8075003195092908e-5 0.00018526925423811846 0.00010656954274868013 0.00010656954276111463 7.681894888467156e-5 2.2093438190040615e-13 2.0894397323445446e-13 2.0983215165415459e-13 4.050093593832571e-13 4.2739650466063016e-10
580 5.4432692051658105 0.009511904805811466 3.9035654100329234e-5 2.809245123881527e-5 2.8092451238088078e-5 1.8502776563184264e-5 0.0002032163048557578 0.00010814074019638298 0.00010814074020437658 7.830902343197721e-5 2.1249668691325496e-13 2.26929586233382e-13 2.2493118478905672e-13 4.263256414560601e-13 -3.0818650547704084e-10
590 5.53839394611588 0.009511852626146792 3.86992114858753e-5 2.7917431460441817e-5 2.7917431459664312e-5 1.9315769666034083e-5 0.00019310695163987646 0.00011148536934380004 0.00011148536934246778 6.995181134872297e-5 1.98507876802978e-13 2.1804780203638074e-13 2.2026824808563106e-13 3.979039320256561e-13 -8.830245797600153e-10
600 5.63351704749077 0.009512540103048275 3.847139599479417e-5 2.783178595548025e-5 2.7831785954637996e-5 2.033219039259378e-5 0.00019452027259792004 0.00010695760355439177 0.00010695760357881667 7.178404683205741e-5 2.2470914018413168e-13 2.1604940059205546e-13 2.1471713296250527e-13 4.050093593832571e-13 -1.0843509067378222e-9
610 5.728638652450975 0.009512797373197964 3.839099517702442e-5 2.7855588276508768e-5 2.7855588275564113e-5 2.136731495776791e-5 0.00020196752190537737 0.00010997947508428751 0.00010997947507718209 7.898931896210826e-5 2.2359891715950653e-13 2.3225865675158275e-13 2.333688797762079e-13 4.334310688136611e-13 -8.796917536251013e-10
620 5.823760581678938 0.009511922180704287 3.8484235974471896e-5 2.7998964668354636e-5 2.7998964667373535e-5 2.2271217873761056e-5 0.00018288405055111312 0.00011434767043461136 0.00011434767043372318 7.89092230979449e-5 2.1715962361668062e-13 2.291500322826323e-13 2.284838984678572e-13 4.18332035678759e-13 -3.7036371856366123e-10
630 5.918884742255931 0.009511940606487372 3.876319058055571e-5 2.8261792229033263e-5 2.8261792228046998e-5 2.2929430680250245e-5 0.00020065858080586807 0.00010591009828431197 0.00010591009828075926 8.33014227232809e-5 2.4447111002245947e-13 2.5135449277513544e-13 2.489120021209601e-13 4.689582056016661e-13 3.0200746451540663e-10
640 6.014008096562894 0.009512539439826006 3.922833600544674e-5 2.8637998334016472e-5 2.8637998333035544e-5 2.3280931896717803e-5 0.00019961713085825394 0.00011351465991360499 0.00011351465990827592 8.604240848519851e-5 2.717825964282383e-13 2.533528942194607e-13 2.524647157997606e-13 4.121147867408581e-13 9.914192495621345e-10
650 6.109129065385181 0.009512604831151772 3.986686359267695e-5 2.911347195789538e-5 2.9113471956939852e-5 2.3292248640350384e-5 0.00018819886632481797 0.00011244950623456873 0.0001124495062478914 8.030091642829973e-5 2.2581936320875684e-13 2.389199948993337e-13 2.3936408410918375e-13 4.432010314303625e-13 1.5278933784756765e-9
660 6.204251803131195 0.009511967861742576 4.066002476365633e-5 2.96735677317975e-5 2.9673567730904293e-5 2.2973184762165455e-5 0.00020546058451564875 0.00010720764004767958 0.00010720764007343675 8.736771839368274e-5 2.3936408410918375e-13 2.4447111002245947e-13 2.4291679778798425e-13 4.1744385725905886e-13 1.7412929381933753e-9
670 6.299375564880328 0.00951184735032494 4.158432394336673e-5 3.030293873745787e-5 3.030293873658643e-5 2.235304552888422e-5 0.000194882748432601 0.0001132317500842639 0.00011323175007627029 8.01582853124927e-5 2.69562150378988e-13 2.227107387398064e-13 2.2382096176443156e-13 4.2366110619695974e-13 1.5670298022239012e-9
680 6.394499245724558 0.009512723683206275 4.261781672056215e-5 3.098976201756961e-5 3.0989762016760805e-5 2.150667232502954e-5 0.00019959380681955352 0.00010718182178814928 0.00010718182178504065 7.511663243997546e-5 2.5512925105886097e-13 2.4580337765200966e-13 2.4713564528155985e-13 4.991562718714704e-13 1.1269478012477464e-9
690 6.489620234633989 0.009512658634030084 4.374153898441117e-5 3.1727502089738685e-5 3.172750208901912e-5 2.056221313888287e-5 0.0002076697081410117 0.00010736852030213129 0.00010736852028170318 6.762973463203537e-5 2.504663143554353e-13 2.5268676040468563e-13 2.531308496145357e-13 4.840572387365683e-13 6.799364525056961e-10
700 6.584742621389563 0.009511976794396238 4.4938704434936065e-5 3.251194461563551e-5 3.2511944614981315e-5 1.9690400790408077e-5 0.00018711766933110496 0.00011065279354660618 0.00011065279355459978 6.303729174650385e-5 2.6978419498391304e-13 2.580158309228864e-13 2.573496971081113e-13 4.867217739956686e-13 4.514227743478894e-10
710 6.679867198719039 0.009511803585760316 4.6191019659339246e-5 3.333705196323474e-5 3.333705196264716e-5 1.9060668568295154e-5 0.00020912534295325358 0.00010975329867157768 0.0001097532986746863 7.069433239959011e-5 2.5912605394751154e-13 2.660094367001875e-13 2.6623148130511254e-13 5.258016244624741e-13 5.109396738621574e-10
720 6.774990269826562 0.009512578190711607 4.7473045653666134e-5 3.418843553700772e-5 3.418843553644363e-5 1.8764058238275664e-5 0.00020681584088189098 0.0001080703410902828 0.00010807034110404956 7.103080919446114e-5 2.5490720645393594e-13 2.580158309228864e-13 2.55351295663786e-13 4.2810199829546036e-13 7.826684804170512e-10
730 6.8701121132726 0.009512739240647055 4.875509450737624e-5 3.504760781393702e-5 3.504760781339658e-5 1.881345839603824e-5 0.000198551288380866 0.00010831760183638295 0.0001083176018386034 6.980483929908132e-5 2.6845192735436285e-13 2.524647157997606e-13 2.517985819849855e-13 5.080380560684716e-13 1.1452405810651032e-9
740 6.965233824757998 0.009511941997568258 5.0000263764578595e-5 3.5887603962685545e-5 3.588760396213175e-5 1.911063960123775e-5 0.0002151989134602239 0.00011225346722554264 0.00011225346722332219 7.607621944849541e-5 2.7911006839076435e-13 2.8688162956314045e-13 2.8954616482224083e-13 5.186961971048731e-13 1.4798980428611753e-9
750 7.0603582821903235 0.009511955767635326 5.1169167571969475e-5 3.667817829498757e-5 3.667817829442911e-5 1.9501590393418685e-5 0.00020289580255505868 0.00011057960138982637 0.00011057960137961231 7.497752875273989e-5 2.6134649999676185e-13 2.7067237340361316e-13 2.7200464103316335e-13 5.24913446042774e-13 1.6557281172202984e-9
760 7.155481299959049 0.009512546227875021 5.2224259026856056e-5 3.7391187753431734e-5 3.7391187752896484e-5 1.984406486534268e-5 0.0002114395662395907 0.00011233187898040953 0.00011233187898795904 7.792972899434147e-5 2.937650123158164e-13 2.857714065385153e-13 2.851052727237402e-13 5.755396159656812e-13 1.5309395780932162e-9
770 7.250602594568725 0.009512636218923374 5.313149734495101e-5 3.8001032484730195e-5 3.800103248418489e-5 2.003656490864572e-5 0.00021788581938197993 0.00011528958513551402 0.00011528958514217535 8.17642921386863e-5 2.877698079828406e-13 2.6689761511988763e-13 2.6711965972481266e-13 4.920508445138694e-13 1.0448840237137956e-9
780 7.3457251422257475 0.009511917306127939 5.3864335672395016e-5 3.848915518634002e-5 3.848915518578475e-5 2.0035728194417757e-5 0.0001957182511724831 0.00011468000439052162 0.00011468000439718296 7.819996281632768e-5 2.8266278206956486e-13 2.76667577736589e-13 2.793321129956894e-13 5.293543381412746e-13 3.122259218833483e-10
790 7.440849068430596 0.00951188965885985 5.440288719612646e-5 3.884221247109132e-5 3.884221247050801e-5 1.982672839914198e-5 0.0002208642422951712 0.00011693235012799619 0.00011693235011467351 8.565704821972275e-5 3.0242475190789264e-13 2.786659791809143e-13 2.779998453661392e-13 5.275779813018744e-13 -3.9594277481293335e-10
800 7.535972893810094 0.009512681838605552 5.473768586509103e-5 3.905508684402348e-5 3.905508684346684e-5 1.9434788380000406e-5 0.00021638010374402938 0.0001160411418048568 0.0001160411418092977 8.530415934515645e-5 2.9976021664879227e-13 3.0886404545071855e-13 3.1175062531474396e-13 5.46229728115577e-13 -8.108424249247212e-10
810 7.631093679334275 0.009512684953064834 5.486927176452335e-5 3.9129897076953876e-5 3.912989707641917e-5 1.8917434518985407e-5 0.00021046051653694775 0.0001149277185978903 0.00011492771859966666 8.312635694629478e-5 3.042011087472929e-13 3.028688411177427e-13 3.0397906414236786e-13 5.53335155473178e-13 -8.124934359724729e-10
820 7.726216349834462 0.00951199511798607 5.481303291231725e-5 3.908053826976426e-5 3.9080538269191174e-5 1.8389894620996742e-5 0.00022460313900962703 0.00011951531449394537 0.00011951531448239905 8.663962961197313e-5 3.044231533522179e-13 2.9665159217984183e-13 2.9820590441431705e-13 5.586642259913788e-13 -4.5090745030615574e-10
830 7.821340614220989 0.009511797083936012 5.459754625836088e-5 3.89300608450378e-5 3.893006084442725e-5 1.799815229011394e-5 0.00020859118113181196 0.0001151655718647504 0.00011516557188251397 7.959697820680844e-5 3.155253835984695e-13 3.015365734881925e-13 3.035349749325178e-13 5.81756864903582e-13 1.4539185884590155e-10
840 7.916463921808913 0.009512606102475406 5.42634617800896e-5 3.870914174846947e-5 3.870914174783158e-5 1.7883011355094756e-5 0.00021928534986059844 0.0001169216551097918 0.00011692165509380459 8.15301508136912e-5 3.1663560662309465e-13 3.2662761384472105e-13 3.239630785856207e-13 5.755396159656812e-13 8.366383842943813e-10
850 8.011585647517746 0.009512666629364704 5.386339995819676e-5 3.8457442324729844e-5 3.845744232406877e-5 1.817033613422524e-5 0.00022142557677362618 0.00011629879186481062 0.00011629879187324832 7.655573617260103e-5 3.155253835984695e-13 2.97983859809392e-13 2.97983859809392e-13 5.710987238671805e-13 1.4669299511647456e-9
860 8.106707373406957 0.009511984444372101 5.3453889039863834e-5 3.821505118961088e-5 3.821505118886341e-5 1.8872180742387164e-5 0.00020167560769390747 0.00011820632879189219 0.00011820632880432669 7.161102828945332e-5 3.057554209817681e-13 3.086420008457935e-13 3.079758670310184e-13 6.110667527536862e-13 1.858068471877685e-9
870 8.201832079895976 0.009511943845725693 5.30923117529297e-5 3.8020403679559186e-5 3.802040367875388e-5 1.9892311007527876e-5 0.00022193578463047814 0.00011752044641744064 0.00011752044642543424 6.971675493705476e-5 2.9953817204386723e-13 3.199662756969701e-13 3.1863400806741993e-13 6.163958232718869e-13 1.881173582929485e-9
880 8.296954755572134 0.009512570015148745 5.2830648002387894e-5 3.790593790621748e-5 3.7905937905343224e-5 2.1058224118338943e-5 0.00021235541960828996 0.00012247776920482067 0.00012247776920437659 7.181469386541295e-5 3.33510996597397e-13 3.0331293032759277e-13 3.042011087472929e-13 6.430411758628907e-13 1.570657669213502e-9
890 8.39207646854778 0.00951266671423803 5.271284364344475e-5 3.7896861471458965e-5 3.789686147051016e-5 2.220018381466927e-5 0.00021113562807739683 0.0001177801813074808 0.00011778018132480028 7.215279541661346e-5 3.341771304121721e-13 3.1308289294429414e-13 3.141931159689193e-13 5.719869022868806e-13 1.1363243073479448e-9
900 8.48719879165092 0.009511883732516572 5.2770940606486354e-5 3.800928612815337e-5 3.8009286127135584e-5 2.3179018184688018e-5 0.0002216695207306607 0.00011919622342082548 0.00011919622342304592 8.110581877929235e-5 3.106404022901188e-13 3.255173908200959e-13 3.2507330161024584e-13 5.737632591262809e-13 8.37542963203096e-10
910 8.582323014427 0.009511929662310804 5.302307453800596e-5 3.8248950775380095e-5 3.8248950774368534e-5 2.3891674316106397e-5 0.0002025658586926049 0.0001246841610380578 0.00012468416105670954 8.229506010382082e-5 3.2662761384472105e-13 3.299582829185965e-13 3.2795988147427124e-13 6.066258606551855e-13 8.144528512487047e-10
920 8.677446798169175 0.009512629517603118 5.3473696362609944e-5 3.8613589051090516e-5 3.8613589050078853e-5 2.4279775551090297e-5 0.00022037971532418155 0.00011889677738174953 0.00011889677739196358 8.52095769157124e-5 3.468336728928989e-13 3.397282455352979e-13 3.4017233474514796e-13 6.163958232718869e-13 1.0428281738005757e-9
930 8.772567689254608 0.009512741336776535 5.4113079328126e-5 3.909160137438022e-5 3.909160137344713e-5 2.431116447114836e-5 0.00022109447987350705 0.00012348064142164716 0.0001234806414327494 9.191064556235418e-5 3.6992631180510216e-13 3.417266469796232e-13 3.412825577697731e-13 6.545874953189923e-13 1.4068603150835532e-9
940 8.867690510125707 0.009511972364138723 5.4923317993230966e-5 3.966870497708707e-5 3.966870497624694e-5 2.3996223519350813e-5 0.0002085240127969179 0.00012412050379317918 0.00012412050376875428 8.038380892472219e-5 3.432809592140984e-13 3.3795188869589765e-13 3.355093980417223e-13 6.608047442568932e-13 1.7853466067942039e-9
950 8.962814550022786 0.009511844729577227 5.587985060710703e-5 4.0327894821111605e-5 4.032789482039101e-5 2.336182552544388e-5 0.00022949854545606385 0.00012219715234040862 0.00012219715237993256 8.767874625226213e-5 3.668176873361517e-13 3.4150460237469815e-13 3.426148253993233e-13 6.696865284538944e-13 2.054534502653893e-9
960 9.057938197914487 0.009512596643375539 5.695679943314355e-5 4.1053217239265844e-5 4.10532172386818e-5 2.2470160227217866e-5 0.00021995027329202443 0.00012565771946793092 0.0001256577194848063 7.797948072951755e-5 3.645972412869014e-13 3.4217073618947325e-13 3.4439118223872356e-13 6.17284001691587e-13 2.0717244392072014e-9
970 9.153059554229461 0.009512626316813263 5.8130833365995496e-5 4.183352116504011e-5 4.1833521164581215e-5 2.144074119310711e-5 0.00022578226686587044 0.00012139445098835466 0.00012139445098879875 7.170580037163532e-5 3.6703973194107675e-13 3.5482727867020003e-13 3.530509218307998e-13 6.794564910705958e-13 1.724680190718866e-9
980 9.248181728063617 0.009512024772389478 5.937982411157193e-5 4.265943361204598e-5 4.265943361171335e-5 2.043053550537509e-5 0.00023606475758874979 0.00012370235318881484 0.00012370235319281164 7.003301628305536e-5 3.5083047578154947e-13 3.632649736573512e-13 3.6259883984257613e-13 6.812328479099961e-13 1.0452100833979784e-9
990 9.343306272704725 0.009511903297170408 6.068198576425701e-5 4.35215845821244e-5 4.352158458183523e-5 1.960577512058066e-5 0.00022922727213803284 0.00012619307974448546 0.00012619307972050464 7.03144528246824e-5 3.5349501104064984e-13 3.503863865716994e-13 3.5282887722587475e-13 6.776801342311956e-13 2.4834666264303426e-10
1000 9.438428974588522 0.009512633032060881 6.201141442832136e-5 4.440574813637867e-5 4.4405748136126664e-5 1.9081890353499917e-5 0.00024046862228876975 0.00012686517536941722 0.00012686517536808495 7.542162912521633e-5 3.6970426720017713e-13 3.588240815588506e-13 3.554934124849751e-13 6.989964163039986e-13 -3.6976219407052747e-10
1010 9.533550865967184 0.00951264887691005 6.333920220136736e-5 4.529457688802169e-5 4.529457688778669e-5 1.8904846537410687e-5 0.0002470350834484769 0.00012624862994670139 0.00012624862994714547 8.030541929748836e-5 3.5504932327512506e-13 3.6859404417555197e-13 3.68816088780477e-13 7.043254868221993e-13 -6.090543991480369e-10
1020 9.62867299238741 0.009511896403799382 6.463052833663782e-5 4.61638184842564e-5 4.616381848400363e-5 1.9012490071665588e-5 0.00023291435558547846 0.00013143828660311385 0.00013143828659778478 7.955623905875342e-5 3.75921516138078e-13 3.6415315207705135e-13 3.6348701826227625e-13 6.830092047493963e-13 -4.4605809406642483e-10
1030 9.723797515393512 0.009511931185240855 6.584838956672813e-5 4.6986289921629605e-5 4.698628992134953e-5 1.9274338520648805e-5 0.0002523434612222708 0.00013387301522316264 0.00013387301521783357 8.911697675362262e-5 3.6637359812630166e-13 3.694822225952521e-13 3.708144902248023e-13 7.291944825738028e-13 1.661553619962153e-11
1040 9.818921067405736 0.009512594366602095 6.69555441407924e-5 4.773463835107154e-5 4.7734638350760544e-5 1.9550701515223987e-5 0.00025826584709776057 0.00013352221804829867 0.0001335222180265383 9.192153531412117e-5 3.823608096809039e-13 3.7836400679225335e-13 3.7680969455777813e-13 7.380762667708041e-13 6.449602345845875e-10
1050 9.914042226075669 0.009512777962532706 6.791716243306123e-5 4.8383073927903534e-5 4.838307392757109e-5 1.9730587848899318e-5 0.0002519174684350034 0.00013834931451928156 0.00013834931452461063 9.360890312937187e-5 3.645972412869014e-13 3.774758283725532e-13 3.779199175824033e-13 7.185363415374013e-13 1.2971738166131425e-9
1060 10.0 0.0003470032124823774 6.863709732378412e-5 4.886630757567588e-5 4.886630757530096e-5 1.9769666708233045e-5 0.0002677263830630494 0.00013965538414240086 0.0001396553841326309 9.973899783766171e-5 3.9834802123550617e-13 3.8125058665627876e-13 3.7969627442180354e-13 8.08242361927114e-13 1.7649019649867067e-9
