#timestep time dt l2_rho l2_rho_v1 l2_rho_v2 l2_rho_e_total linf_rho linf_rho_v1 linf_rho_v2 linf_rho_e_total cons_rho cons_rho_v1 cons_rho_v2 cons_rho_e_total dsdu_ut 
0 0.0 0.0 0.0 0.0 0.0 0.0 0.0 0.0 0.0 0.0 0.0 0.0 0.0 0.0 -7.359999721766493e-15
10 0.043653688795337396 0.006927854339512607 4.600552286731462e-7 7.193967833556585e-7 7.193967833397352e-7 2.6008793857092444e-6 3.016625785612348e-6 3.477776282956313e-6 3.47777628473267e-6 1.4665645945655115e-5 4.6629367034256575e-15 3.1086244689504383e-15 7.993605777301127e-15 2.5757174171303632e-14 -7.397147745206935e-11
20 0.1275972777330853 0.009082186758053577 2.065751721323828e-6 2.1061249896527185e-6 2.1061249895979218e-6 3.3036690668455346e-6 1.1968508588200422e-5 1.2313913256400966e-5 1.2313913256845055e-5 1.4257128341910175e-5 1.0658141036401503e-14 7.327471962526033e-15 5.995204332975845e-15 2.220446049250313e-14 -9.164506904127677e-10
30 0.22095570249745694 0.009445848727628246 2.498705494268242e-6 2.4967464798135306e-6 2.4967464797543967e-6 4.345940488313288e-6 1.002704082098127e-5 9.288181528344097e-6 9.288181531230677e-6 2.1383166405541942e-5 1.0880185641326534e-14 1.3100631690576847e-14 1.2656542480726785e-14 3.6415315207705135e-14 -9.171507896151471e-10
40 0.3157928084232131 0.009499726730305585 2.3776095814664473e-6 2.4324190355678737e-6 2.4324190354913756e-6 4.441549102091447e-6 9.322240625664335e-6 8.257238513387222e-6 8.257238515163579e-6 2.312165687579082e-5 1.3322676295501878e-14 1.532107773982716e-14 1.176836406102666e-14 3.2862601528904634e-14 -4.274856573141837e-10
50 0.4108398051854998 0.009506683252231678 2.6811122466563834e-6 2.658314003582041e-6 2.658314003470511e-6 4.75373712989753e-6 9.84519503122172e-6 9.971012008502811e-6 9.971012017384595e-6 2.3721489414985086e-5 1.709743457922741e-14 1.6653345369377348e-14 1.709743457922741e-14 4.1744385725905886e-14 -2.4009148220767115e-10
60 0.505916451235854 0.009508179127391984 3.055734434939117e-6 2.9277818244532087e-6 2.9277818243580466e-6 4.839928413837669e-6 1.140437998392585e-5 1.1345081120994749e-5 1.1345081116331812e-5 2.0379723456809273e-5 1.3100631690576847e-14 2.1316282072803006e-14 2.0872192862952943e-14 4.796163466380676e-14 -4.816297535706914e-10
70 0.6009987866742099 0.009508072941361734 3.4618433619647965e-6 3.1048110975374367e-6 3.1048110975208904e-6 5.044469179846112e-6 1.1419063698614451e-5 1.0524384371546347e-5 1.0524384382204488e-5 2.0625384634431754e-5 2.1094237467877974e-14 2.2870594307278225e-14 2.6645352591003757e-14 5.684341886080802e-14 -5.152881130922533e-10
80 0.6960809667677658 0.009508455799287262 3.7327395220303147e-6 3.165495614704629e-6 3.1654956146757256e-6 5.239235881059413e-6 1.3343702890855624e-5 1.069612969328837e-5 1.0696129701281976e-5 2.5252992046809197e-5 2.886579864025407e-14 2.55351295663786e-14 2.4424906541753444e-14 5.950795411990839e-14 -2.0417288158417054e-10
90 0.7911663115671506 0.009508669663250337 4.077756589666709e-6 3.329969239340992e-6 3.3299692391667814e-6 5.435473041254422e-6 1.5668345723529598e-5 1.2482640758371133e-5 1.2482640753930241e-5 2.6625359274223825e-5 2.9753977059954195e-14 2.886579864025407e-14 3.375077994860476e-14 6.750155989720952e-14 2.485235438785398e-10
100 0.8862543438214513 0.009508878870365986 4.321997718102919e-6 3.4112757038896975e-6 3.411275703414896e-6 5.665753304271596e-6 2.390896996429248e-5 1.7350265550719612e-5 1.7350265542281917e-5 2.7113781782439617e-5 2.9531932455029164e-14 3.574918139293004e-14 3.419486915845482e-14 8.526512829121202e-14 2.301253657390059e-10
110 0.9813459232793681 0.009509277108945979 4.3344589184346905e-6 3.313560237433017e-6 3.313560237093232e-6 5.769244266510576e-6 2.196134547260975e-5 1.563599556675399e-5 1.5635995554763582e-5 2.2392566217277476e-5 4.063416270128073e-14 3.68594044175552e-14 3.352873534367973e-14 9.592326932761353e-14 -3.1396773211278257e-10
120 1.0764390594764774 0.009509330102078457 4.2074746562961425e-6 3.1681827831323043e-6 3.1681827830355702e-6 5.720359339600348e-6 1.5181936668939855e-5 1.3445071145534726e-5 1.344507115197402e-5 2.3677362958274273e-5 4.1300296516055823e-14 4.1522341120980855e-14 4.1744385725905886e-14 8.260059303211165e-14 -7.805819965857471e-10
130 1.171532858267525 0.009509527765207401 4.270172294765538e-6 3.1628392634622206e-6 3.162839263348134e-6 5.439445929927539e-6 1.871504777817279e-5 1.4588321048503161e-5 1.4588321061159704e-5 2.5653099377631605e-5 4.8183679268731794e-14 4.75175454539567e-14 4.6851411639181606e-14 1.0036416142611415e-13 -7.325386939189594e-10
140 1.2666250653606361 0.009509194973354765 4.384579053316897e-6 3.1937156790339082e-6 3.1937156788395743e-6 5.647490322785651e-6 2.0847814579116886e-5 1.4414189496658736e-5 1.4414189503320074e-5 3.145928383219143e-5 4.951594689828198e-14 5.040412531798211e-14 4.8405723873656825e-14 1.1368683772161603e-13 -2.70254002897392e-10
150 1.3617136058919848 0.009508759334872384 4.411021303150705e-6 3.2143005018873474e-6 3.2143005020033087e-6 5.661439211475724e-6 1.69735373050095e-5 1.4496994875878855e-5 1.4496994886536996e-5 2.4774778168534795e-5 5.46229728115577e-14 5.639932965095795e-14 5.5289106626332796e-14 1.1546319456101628e-13 1.128720671835908e-10
160 1.4567996925043727 0.00950837005813846 4.452233676047003e-6 3.2114084919113798e-6 3.211408492053635e-6 5.6801846035552746e-6 1.5684349014888355e-5 1.4247644504861157e-5 1.4247644533726955e-5 2.1009820669437573e-5 5.484501741648273e-14 5.684341886080802e-14 5.750955267558311e-14 1.3322676295501878e-13 1.4055468537390133e-11
170 1.551884400657271 0.009508277371091486 4.51012816120377e-6 3.268563082850061e-6 3.2685630830682636e-6 5.737779739131785e-6 1.6174321176176676e-5 1.4231104305650888e-5 1.4231104328743527e-5 1.9557964608729606e-5 6.261657858885883e-14 6.017408793468348e-14 5.728750807065808e-14 1.2256862191861728e-13 -1.5889691495396652e-10
180 1.6469691061192606 0.009508486692860623 4.646979116354644e-6 3.3956075775810464e-6 3.395607577849281e-6 5.837929702138237e-6 1.8556767343635983e-5 1.484173263377464e-5 1.4841732638215532e-5 2.3519585369058404e-5 5.750955267558311e-14 6.061817714453355e-14 6.372680161348399e-14 1.4033219031261979e-13 2.1226986235741297e-11
190 1.742057778519541 0.009509025054499149 4.7820951564773845e-6 3.5196513065391823e-6 3.5196513067252988e-6 5.981254495135288e-6 2.3577829846743725e-5 1.652321567324755e-5 1.6523215680352976e-5 2.1438016077901523e-5 6.639133687258436e-14 6.661338147750939e-14 6.394884621840902e-14 1.438849039914203e-13 4.946246146767929e-10
200 1.8371498966565931 0.009509267205903763 4.961070692543584e-6 3.6720129933734176e-6 3.6720129936260147e-6 5.743306254419538e-6 2.329809816292716e-5 1.8167485330788935e-5 1.816748533389756e-5 2.1264312091595627e-5 6.88338275267597e-14 6.927791673660977e-14 7.105427357601002e-14 1.5365486660812167e-13 5.65934737175241e-10
210 1.9322435540933514 0.009509509144463038 5.22820060171992e-6 3.917009984678556e-6 3.917009984750782e-6 5.989786754175564e-6 2.6373028856774283e-5 1.9609939823084233e-5 1.9609939823528322e-5 2.0397700627228232e-5 7.838174553853605e-14 6.927791673660977e-14 7.283063041541027e-14 1.545430450278218e-13 -5.3804101131431315e-11
220 2.0273395061471855 0.00950980853915521 5.499257366207863e-6 4.145822294104388e-6 4.1458222941722865e-6 6.228670419083818e-6 2.4657805965500046e-5 2.220529814955796e-5 2.2205298148891828e-5 2.6841750397466058e-5 7.971401316808624e-14 7.971401316808624e-14 7.882583474838611e-14 1.6253665080512292e-13 -8.360643059944793e-10
230 2.1224360591353952 0.009509518130281475 5.756148633549956e-6 4.3489077690644555e-6 4.3489077689266e-6 6.350732693534135e-6 3.2874522195580624e-5 2.6683221651335742e-5 2.668322167043158e-5 3.3076935628706394e-5 8.681944052568724e-14 8.193445921733655e-14 7.860379014346108e-14 1.6608936448392342e-13 -1.1131765057940989e-9
240 2.2175314413406855 0.009509403168458054 6.0049118431604236e-6 4.5301680378501876e-6 4.5301680376636455e-6 6.371437334684628e-6 3.563718718879727e-5 2.6509099024574212e-5 2.6509099021909677e-5 3.312946153233298e-5 8.415490526658687e-14 8.837375276016246e-14 8.637535131583718e-14 1.758593271006248e-13 -9.251720902374956e-10
250 2.3126272140413953 0.00950947429117428 6.222600844578483e-6 4.701723761802798e-6 4.701723761722381e-6 6.555623969142997e-6 3.2101648800964e-5 2.897657503742046e-5 2.8976575033645702e-5 2.717016668229988e-5 8.415490526658687e-14 8.903988657493755e-14 8.859579736508749e-14 1.7763568394002505e-13 -6.790555316552542e-10
260 2.407720107336397 0.009509430512279522 6.3653907558472935e-6 4.7937839289944445e-6 4.793783928749775e-6 6.62637098562765e-6 3.9978608462831744e-5 3.2331953208730724e-5 3.2331953202957564e-5 3.606644793530123e-5 9.636735853746359e-14 8.881784197001252e-14 9.414691248821327e-14 2.0161650127192843e-13 -8.134801565730241e-10
270 2.5028135277750203 0.009509471092819063 6.448634165338692e-6 4.820368820218195e-6 4.820368820079682e-6 6.589888926686869e-6 4.5502087212323516e-5 3.6396371145830386e-5 3.639637114782879e-5 4.258990275074481e-5 9.370282327836321e-14 9.592326932761353e-14 9.237055564881302e-14 2.0250467969162855e-13 -1.050978388606302e-9
280 2.59790694005452 0.00950937865966126 6.474233657669153e-6 4.801190606017944e-6 4.801190606077059e-6 6.432189653994304e-6 5.342635368554838e-5 4.308825114685e-5 4.308825113596981e-5 4.907293134737145e-5 9.614531393253856e-14 1.0125233984581428e-13 9.836575998178887e-14 2.1582735598713043e-13 -9.113539552670926e-10
290 2.693000814647537 0.009509652594155744 6.528674329263543e-6 4.837419224075156e-6 4.8374192241806475e-6 6.531817928440208e-6 3.863370726731041e-5 3.132733704891422e-5 3.132733702981838e-5 3.60234529361847e-5 1.0347278589506459e-13 1.0236256287043943e-13 1.0258460747536446e-13 2.220446049250313e-13 -3.3457251844628026e-10
300 2.788096307934439 0.00950966029608249 6.565469065956027e-6 4.85892560486838e-6 4.858925604986985e-6 6.413717503026485e-6 3.4016497634681286e-5 2.9071302736438653e-5 2.907130276286196e-5 2.41556294628964e-5 1.0857981180834031e-13 1.028066520802895e-13 1.0480505352461478e-13 2.2026824808563106e-13 9.239635872200567e-11
310 2.883192332502613 0.009509883070100126 6.584660528920974e-6 4.854930684831641e-6 4.854930685210557e-6 6.321487403323701e-6 3.4787037421768474e-5 3.013787432770698e-5 3.0137874331259695e-5 2.6591000942044474e-5 1.141309269314661e-13 1.0591527654923993e-13 1.1080025785759062e-13 2.2648549702353193e-13 -1.180725155251343e-10
320 2.9782928554009245 0.009510175549492255 6.654891015429071e-6 4.913478767674335e-6 4.913478768245323e-6 6.265919907112444e-6 4.826916870803721e-5 3.6163002496314434e-5 3.616300250519622e-5 3.401882604325834e-5 1.1723955140041653e-13 1.1235457009206584e-13 1.1035616864774056e-13 2.3447910280083306e-13 -6.760836713299472e-10
330 3.07339487238953 0.009509961563693511 6.801150838903445e-6 5.05881834114815e-6 5.058818341587856e-6 6.2922626395605795e-6 4.789110625091908e-5 3.55681694190757e-5 3.55681694210741e-5 3.4728107393355856e-5 1.1612932837579137e-13 1.1812772982011666e-13 1.1546319456101628e-13 2.4424906541753444e-13 -8.827026387234048e-10
340 3.16849732999409 0.00951016471819019 7.013215739770636e-6 5.2618395283024174e-6 5.261839528716638e-6 6.4398896628365805e-6 3.515015268584776e-5 3.3252691586938e-5 3.3252691589602534e-5 3.157765982209071e-5 1.176836406102666e-13 1.2256862191861728e-13 1.20570220474292e-13 2.469136006766348e-13 -6.225323185636268e-10
350 3.263598638878577 0.0095099203011229 7.188802521238765e-6 5.415255356700797e-6 5.415255356941717e-6 6.478803768672865e-6 3.5724330728958975e-5 3.6345941871962495e-5 3.6345941885951305e-5 2.888198031580913e-5 1.2079226507921703e-13 1.2145839889399213e-13 1.2501111257279263e-13 2.4424906541753444e-13 -1.4379456291993683e-10
360 3.3586951685910003 0.00950950491451675 7.409600357067798e-6 5.595211357933757e-6 5.595211358096797e-6 6.486474413883118e-6 3.65516874265559e-5 3.633340056574674e-5 3.6333400541321836e-5 2.9525612251557476e-5 1.2390088954816747e-13 1.2945200467129325e-13 1.270095140171179e-13 2.611244553918368e-13 -1.4096185024494107e-10
370 3.453789996455743 0.009509244363821124 7.630622747795775e-6 5.787619632207997e-6 5.787619632336518e-6 6.820540580332687e-6 3.689190705347123e-5 3.90582020879382e-5 3.9058202079500504e-5 3.425288694813844e-5 1.290079154614432e-13 1.3700152123874432e-13 1.312283615106935e-13 2.779998453661392e-13 -3.499507714301253e-10
380 3.548881584557456 0.009508924528320502 7.827320448944054e-6 5.937338570588583e-6 5.93733857067198e-6 6.805869311979841e-6 4.5475348436685437e-5 3.9102555792869254e-5 3.910255581240918e-5 3.4660535827235606e-5 1.3722356584366935e-13 1.3522516439934407e-13 1.325606291402437e-13 2.682298827494378e-13 -2.859722295799798e-10
390 3.643974240152999 0.009509188877798941 7.964183727116835e-6 6.030053763696883e-6 6.030053763796811e-6 6.931648791338584e-6 4.312913817106079e-5 4.0563519839276196e-5 4.056351983661166e-5 3.7846043595024526e-5 1.354472090042691e-13 1.425526363618701e-13 1.3922196728799463e-13 2.9043434324194095e-13 1.7510838677338339e-10
400 3.7390705301920195 0.009509355059242277 8.056577555762339e-6 6.08447449720155e-6 6.08447449715651e-6 6.927507028580618e-6 3.9174291163401875e-5 4.0777509558331815e-5 4.077750955921999e-5 3.162718831273281e-5 1.41886502547095e-13 1.4432899320127035e-13 1.425526363618701e-13 2.877698079828406e-13 6.442248457699757e-10
410 3.834169062600208 0.009509836225648391 8.095272199739251e-6 6.096043018210468e-6 6.096043018148005e-6 6.910187772353561e-6 4.0822110506599785e-5 3.9812805193051304e-5 3.9812805167516174e-5 3.2527677136240385e-5 1.4410694859634532e-13 1.4854784069484595e-13 1.4299672557172016e-13 3.019806626980426e-13 4.722276274781779e-10
420 3.929271463887528 0.009510294445498448 8.111491249962017e-6 6.079804032818851e-6 6.079804032808251e-6 6.645888859308436e-6 4.774296076526241e-5 3.941418365904781e-5 3.9414183651720336e-5 3.319998923512202e-5 1.425526363618701e-13 1.5054624213917123e-13 1.4921397450962104e-13 3.1086244689504383e-13 -2.1254473729833692e-10
430 4.024374651968075 0.009510400217377764 8.136592039885419e-6 6.095922798127284e-6 6.095922798016942e-6 6.748225252110612e-6 5.392930170700083e-5 4.1344528653119994e-5 4.134452868198579e-5 3.390629696120584e-5 1.4521717162097048e-13 1.5654144647214707e-13 1.5853984791647235e-13 3.126388037344441e-13 -8.276569039514524e-10
440 4.11947730812229 0.009510424357791172 8.108322602654049e-6 6.07320325372051e-6 6.0732032536735695e-6 6.5303317675507e-6 6.306066094774465e-5 4.8818777555137416e-5 4.881877757600961e-5 4.608196271504994e-5 1.5409895581797173e-13 1.5920598173124745e-13 1.5654144647214707e-13 3.2507330161024584e-13 -8.224353679386404e-10
450 4.214578671322544 0.009509779093280676 8.13697676234341e-6 6.078570220956301e-6 6.078570220774068e-6 6.5343197726456886e-6 4.8083687394395724e-5 4.0133939384512374e-5 4.013393937185583e-5 4.0601305191678705e-5 1.5898393712632242e-13 1.5920598173124745e-13 1.6275869541004795e-13 3.2507330161024584e-13 -6.24839908295921e-10
460 4.309679005525322 0.009509890991987091 8.218604704891399e-6 6.163653069339174e-6 6.163653069181657e-6 6.5267568704065635e-6 4.855826375260719e-5 4.3018649934056796e-5 4.301864996758553e-5 2.934506797025449e-5 1.6275869541004795e-13 1.6231460620019789e-13 1.6409096303959814e-13 3.4017233474514796e-13 -6.507470737841987e-10
470 4.4047787769202555 0.00950975455839503 8.321438096882728e-6 6.275499929973112e-6 6.275499929910805e-6 6.605406568928607e-6 5.5173698918054015e-5 4.760951924764889e-5 4.760951927473833e-5 3.834018268022987e-5 1.6964207816272392e-13 1.6298074001497298e-13 1.6409096303959814e-13 3.4283687000424834e-13 -9.652800752892835e-10
480 4.499875337203605 0.009509713972287108 8.438541656322213e-6 6.366037365675936e-6 6.3660373658411965e-6 6.554817949444194e-6 7.569112405003686e-5 5.6660247909956496e-5 5.6660247888196125e-5 4.9725543890932755e-5 1.6253665080512292e-13 1.6986412276764895e-13 1.723066134218243e-13 3.3928415632544784e-13 -1.060903416254166e-9
490 4.594974828681554 0.009509995802976037 8.59750882920229e-6 6.511348062526253e-6 6.511348062735214e-6 6.762972888380018e-6 8.299519216259377e-5 6.739561348201306e-5 6.739561346225109e-5 6.25384277950225e-5 1.8185453143360064e-13 1.7363888105137448e-13 1.7386092565629951e-13 3.526068326209497e-13 -5.816623734697599e-10
500 4.690073356876971 0.009509711893576788 8.772495572747291e-6 6.6650068464309265e-6 6.6650068467111665e-6 6.834806310201267e-6 5.4226842126192665e-5 4.558427863288195e-5 4.5584278609123174e-5 4.455078922394051e-5 1.7963408538435033e-13 1.8252066524837574e-13 1.8607337892717624e-13 3.659295089164516e-13 9.046930673376819e-11
510 4.785171668797118 0.009509957748783599 8.907770404586559e-6 6.76919695552721e-6 6.7691969558741935e-6 7.001658295442136e-6 4.950520272362091e-5 4.534282218449093e-5 4.5342822177163455e-5 3.364674841455084e-5 1.8340884366807586e-13 1.8496315590255108e-13 1.8474111129762605e-13 3.7569947153315297e-13 2.9063530911857137e-10
520 4.880273924330474 0.009510214639964943 9.060039123731054e-6 6.893748850688046e-6 6.893748850928982e-6 7.132637147369874e-6 5.509948997506342e-5 4.7606904329366984e-5 4.760690439731263e-5 5.1945169606160135e-5 1.816324868286756e-13 1.9029222642075183e-13 1.8673951274195133e-13 3.7125857943465235e-13 -8.760353176414401e-11
530 4.9753764814943455 0.009510291266998339 9.159096030847653e-6 6.968690892898804e-6 6.968690893166387e-6 7.275676612248922e-6 7.869127065385229e-5 5.9534567177443876e-5 5.95345671785541e-5 5.355566408260515e-5 1.8851586958135158e-13 1.887379141862766e-13 1.8829382497642655e-13 3.89910326248355e-13 -4.739439230578202e-10
540 5.070480741094175 0.009510374178866021 9.22104249521745e-6 6.99410215281058e-6 6.994102153067728e-6 7.178358022492451e-6 7.521171788060776e-5 5.743460550333701e-5 5.743460551954627e-5 5.3371337024543664e-5 1.9473311851925246e-13 1.900701818158268e-13 1.9384494009955233e-13 3.9879211044535623e-13 -3.864385029471619e-10
550 5.165586616074536 0.009510156512230961 9.25990671014635e-6 7.012904456981708e-6 7.0129044569897405e-6 7.208519738177625e-6 5.010244576730827e-5 4.8446610656283084e-5 4.84466106125403e-5 3.605009503448997e-5 1.9451107391432743e-13 1.9251267247000214e-13 1.936228954946273e-13 3.9523939676655573e-13 5.11133673499484e-13
560 5.260689876148404 0.00950996099776493 9.28435680037907e-6 7.024400905543178e-6 7.024400905610382e-6 7.1684206171147895e-6 4.9994426561728034e-5 5.045207556375608e-5 5.0452075570195376e-5 3.7849547372736936e-5 1.9539925233402755e-13 1.9739765377835283e-13 1.9895196601282805e-13 4.076738946423575e-13 1.7469377446595183e-10
570 5.35579076796945 0.009509757894573527 9.289147814247052e-6 7.010935239845785e-6 7.010935239829633e-6 7.047561412901114e-6 4.803778139272907e-5 4.838545939378491e-5 4.838545942242867e-5 3.5555781055407465e-5 2.0605739337042905e-13 1.9695356456850277e-13 2.000621890374532e-13 4.2010839251815923e-13 -3.4779869586952115e-11
580 5.450888547644464 0.009509508931525992 9.282906597898022e-6 6.998003881040834e-6 6.9980038810723e-6 6.945841732824155e-6 5.037442409028259e-5 4.811931815651427e-5 4.8119318154959956e-5 3.612094896698892e-5 2.0450308113595383e-13 2.1049828546892968e-13 2.0738966099997924e-13 4.2010839251815923e-13 -2.1566933684594202e-10
590 5.545983113685214 0.009509573176798751 9.293420597169354e-6 6.998453916669682e-6 6.998453916851444e-6 6.884899034032284e-6 5.950514967745235e-5 4.851879999345776e-5 4.851880003564624e-5 3.268864143635142e-5 2.0650148258027912e-13 2.0627943797535409e-13 2.0650148258027912e-13 4.227729277772596e-13 1.6536804302309303e-10
600 5.641080021423024 0.009509949741186376 9.350104171016961e-6 7.055620526576103e-6 7.0556205266191395e-6 6.870685023250145e-6 5.3497523835321914e-5 5.002533711051527e-5 5.002533711939705e-5 3.520758319996986e-5 2.0827783941967937e-13 2.1471713296250527e-13 2.1316282072803006e-13 4.3165471197426086e-13 7.898854326454793e-10
610 5.736178394569885 0.009509898977858318 9.405759620025624e-6 7.114466365904002e-6 7.114466366091233e-6 6.976625511594952e-6 4.8133144317841214e-5 4.856912643402822e-5 4.8569126440023425e-5 3.2466074344927875e-5 2.1715962361668062e-13 2.1782575743145571e-13 2.1671553440683056e-13 4.440892098500626e-13 1.0461573417567329e-9
620 5.831280324844109 0.009510511239219182 9.463874941214998e-6 7.159558609536073e-6 7.159558609758454e-6 6.927109385752692e-6 4.8813396823277344e-5 4.868143188474505e-5 4.868143185965401e-5 3.269715413400931e-5 2.2004620348070603e-13 2.2470914018413168e-13 2.184918912462308e-13 4.53859172466764e-13 6.685128778522088e-10
630 5.926387344024019 0.009510550264687017 9.564602607977226e-6 7.252092988467412e-6 7.252092988807384e-6 7.079264544283087e-6 5.342702619559603e-5 5.21587307544813e-5 5.2158730766915795e-5 4.043232411499176e-5 2.2315482794965646e-13 2.2537527399890678e-13 2.26929586233382e-13 4.4497738826976274e-13 6.086371620724843e-12
640 6.021493714080383 0.009510698909948809 9.660060765587473e-6 7.338845811589296e-6 7.3388458118706315e-6 7.188137767106087e-6 6.996805950487683e-5 5.2946553168897736e-5 5.294655317200636e-5 4.1486253563149944e-5 2.204902926905561e-13 2.282618538629322e-13 2.3026025530725747e-13 4.583000645652646e-13 -2.232285328790097e-10
650 6.116599974305006 0.00951100469247922 9.76796113328413e-6 7.429468260530512e-6 7.429468260510676e-6 7.253691035307119e-6 7.931923572979116e-5 6.070841915706282e-5 6.070841916905323e-5 5.6181327849458285e-5 2.318145675417327e-13 2.3070434451710753e-13 2.327027459614328e-13 4.733990977001667e-13 -8.619153665529594e-11
660 6.21170361323536 0.009510561363417089 9.846203236173193e-6 7.49063542779656e-6 7.490635427774324e-6 7.266248596646194e-6 5.796982326833344e-5 5.221353805362483e-5 5.221353807960405e-5 4.834607605097574e-5 2.369215934550084e-13 2.347011474057581e-13 2.3780977187470853e-13 4.796163466380676e-13 -7.711411420714426e-11
670 6.306806027662837 0.009510302305639482 9.910976865985299e-6 7.5332757068076875e-6 7.533275706981232e-6 7.3837051257932014e-6 6.315160609160486e-5 5.3222317725420965e-5 5.322231773585706e-5 3.611903230371638e-5 2.3714363805993344e-13 2.3780977187470853e-13 2.384759056894836e-13 4.920508445138694e-13 -4.300116519847098e-10
680 6.40190803887996 0.009510106237856107 9.955900985400813e-6 7.560865157406354e-6 7.560865157471059e-6 7.347810701174399e-6 6.494153688851867e-5 5.653273925143587e-5 5.653273926009561e-5 4.8837331830142716e-5 2.384759056894836e-13 2.4069635173873394e-13 2.431388423929093e-13 4.902744876744691e-13 -7.684836896129088e-10
690 6.497007849008447 0.009509923131975956 9.985770432337175e-6 7.571820725604035e-6 7.57182072568075e-6 7.352439707820799e-6 9.868588053474348e-5 7.389439181682e-5 7.389439181459956e-5 6.044985614117593e-5 2.418065747633591e-13 2.502442697505103e-13 2.469136006766348e-13 4.9649173661237e-13 -5.764981730042804e-10
700 6.592109790150676 0.009510142192068659 9.999735403803692e-6 7.574432443442996e-6 7.574432443438557e-6 7.2792816754133415e-6 9.785288651631419e-5 7.86744814396112e-5 7.867448143805689e-5 7.089501545642918e-5 2.502442697505103e-13 2.473576898864849e-13 2.502442697505103e-13 5.115907697472721e-13 1.1085254914266893e-10
710 6.687210797427667 0.009510006482511728 9.996651267653209e-6 7.567920888838952e-6 7.567920888751053e-6 7.269380361946125e-6 6.516959628810604e-5 5.310150596993246e-5 5.310150592685581e-5 4.975716742006142e-5 2.5623947408348613e-13 2.502442697505103e-13 2.504663143554353e-13 5.195843755245733e-13 6.532385383824419e-10
720 6.7823128124563254 0.009510333029263601 9.998458349886813e-6 7.555087713141324e-6 7.5550877129764395e-6 7.100042583279982e-6 5.618315954758479e-5 5.192423041200378e-5 5.1924230374700286e-5 3.576332658239423e-5 2.531308496145357e-13 2.55351295663786e-13 2.544631172440859e-13 5.151434834260726e-13 6.10270574970018e-10
730 6.877418233481496 0.009510376809516252 1.0002281192292958e-5 7.56182991382905e-6 7.561829913686428e-6 7.123382290273576e-6 6.32509033455797e-5 5.35123647740221e-5 5.351236475981125e-5 5.341236461653409e-5 2.6068036618198676e-13 2.62234678416462e-13 2.646771690706373e-13 5.329070518200751e-13 1.8451002448215787e-10
740 6.97252401781742 0.00951065482531239 1.0032775119608667e-5 7.59519264690829e-6 7.595192646855836e-6 7.168101937035302e-6 8.980583740791914e-5 6.723940492858738e-5 6.72394049381353e-5 5.59252096152818e-5 2.6356694604601216e-13 2.646771690706373e-13 2.6334490144108713e-13 5.311306949806749e-13 9.793683179094479e-11
750 7.06763247335283 0.009510786845749375 1.0061729013845446e-5 7.622812827697388e-6 7.6228128274925075e-6 7.194956099901631e-6 8.617464412608022e-5 6.48682197963435e-5 6.486821979811985e-5 5.470478386593314e-5 2.631228568361621e-13 2.7045032879868813e-13 2.69340105774063e-13 5.435651928564766e-13 3.8539931456697124e-10
760 7.162740501571825 0.009510623307094306 1.009351220286213e-5 7.645862736355032e-6 7.64586273641637e-6 7.198709518604926e-6 5.652737367523031e-5 5.4272070922678495e-5 5.4272070914462844e-5 3.6826299095515935e-5 2.680078381445128e-13 2.686739719592879e-13 2.6978419498391304e-13 5.524469770534779e-13 6.884440361520629e-10
770 7.257847718926773 0.009510636554873527 1.0158555351566815e-5 7.708433463577026e-6 7.708433463799966e-6 7.303130635158878e-6 5.5212480550626e-5 5.5159751253031075e-5 5.51597512457036e-5 3.867461933859673e-5 2.688960165642129e-13 2.686739719592879e-13 2.7200464103316335e-13 5.595524044110789e-13 4.952488201726376e-10
780 7.352952478671286 0.009509971737547076 1.021726902509853e-5 7.76976008542196e-6 7.769760085822444e-6 7.400955804201475e-6 5.398406219359053e-5 5.4712740477969035e-5 5.471274047352814e-5 3.8737889172413276e-5 2.7489122089718876e-13 2.7555735471196385e-13 2.7755575615628914e-13 5.657696533489798e-13 1.8663962919972498e-10
790 7.448052822217106 0.009509747437205228 1.0268397292954129e-5 7.801979154527438e-6 7.801979154945438e-6 7.432328667938922e-6 6.0887055453928696e-5 5.42202397995073e-5 5.422023976442425e-5 3.8160085068739136e-5 2.824407374646398e-13 2.8532731732866523e-13 2.828848266744899e-13 5.666578317686799e-13 2.2094601283548907e-10
800 7.543153621170159 0.009509987622804283 1.0313508468980956e-5 7.84139237630394e-6 7.84139237667901e-6 7.503081145678434e-6 6.963785683700152e-5 5.50255700493274e-5 5.502557005887532e-5 3.904399917065149e-5 2.822186928597148e-13 2.824407374646398e-13 2.8621549574836536e-13 5.88862292261183e-13 8.618865864355134e-10
810 7.638252518753572 0.009509935624386132 1.0357333027921918e-5 7.873708753558158e-6 7.873708753937734e-6 7.466238931482143e-6 6.163935278191701e-5 5.685974389768589e-5 5.685974389768589e-5 4.056481546799162e-5 2.9110047705671604e-13 2.90878432451791e-13 2.90656387846866e-13 5.81756864903582e-13 1.4246983608624168e-9
820 7.733354957488799 0.009510698745668247 1.0377014043300501e-5 7.879197096806416e-6 7.87919709700133e-6 7.484575678705513e-6 5.565596514855997e-5 5.547986846399233e-5 5.547986845910735e-5 3.9621393813860095e-5 2.9110047705671604e-13 2.915445662665661e-13 2.90878432451791e-13 5.755396159656812e-13 1.4299420458957208e-9
830 7.828460991875473 0.009510968922318003 1.0396965200042158e-5 7.892971085067778e-6 7.892971085095792e-6 7.4007106702070226e-6 5.442405844169329e-5 5.4406269449192024e-5 5.440626943786775e-5 3.790790704627511e-5 2.9665159217984183e-13 2.935429677108914e-13 2.9554136915521667e-13 5.986322548778844e-13 9.263560811853143e-10
840 7.923568892130272 0.00951095459648877 1.0406600752837349e-5 7.893742262491553e-6 7.893742262331054e-6 7.342725772548985e-6 5.9245190076495646e-5 5.6807153088644924e-5 5.68071530546721e-5 4.2662583486841044e-5 3.0175861809311755e-13 2.957634137601417e-13 3.0020430585864233e-13 5.995204332975845e-13 5.165770044661183e-10
850 8.018679439094738 0.009510800024202674 1.0403249994937461e-5 7.882977866568513e-6 7.882977866422891e-6 7.368161172642889e-6 7.706763602310929e-5 5.699100593048456e-5 5.699100594780404e-5 4.3924264276462566e-5 2.986499936241671e-13 3.015365734881925e-13 2.993161274389422e-13 6.137312880127865e-13 5.075603549293959e-10
860 8.113788997184148 0.009510765026950899 1.0407732019561907e-5 7.882343509277062e-6 7.882343508977636e-6 7.346285165644546e-6 8.578225529110028e-5 6.499407683913105e-5 6.499407681825886e-5 5.815691757682373e-5 3.077538224260934e-13 3.0664359940146824e-13 3.079758670310184e-13 6.359357485052897e-13 6.445624948884387e-10
870 8.208896475514535 0.009510734014770887 1.0414952280811027e-5 7.888030837995751e-6 7.888030837757821e-6 7.264760800150921e-6 6.01059250029401e-5 5.5210272824623985e-5 5.521027282884283e-5 4.621257147974234e-5 3.0953017926549364e-13 3.0886404545071855e-13 3.086420008457935e-13 6.24389429049188e-13 3.112655298050435e-10
880 8.304002517664745 0.009510510965452088 1.0428013577047607e-5 7.90639904141249e-6 7.906399041104759e-6 7.360366861030541e-6 6.553299552214398e-5 5.5962666566156116e-5 5.596266655771842e-5 3.7727750782590164e-5 3.1441516057384433e-13 3.1108449149996886e-13 3.1308289294429414e-13 6.31494856406789e-13 -2.1963377291500023e-10
890 8.399106045140035 0.00951032924561717 1.0436530003270048e-5 7.909036836934632e-6 7.90903683670613e-6 7.323815100095525e-6 6.812730941274658e-5 5.933739465135979e-5 5.933739463892529e-5 4.613501356498517e-5 3.1241675912951905e-13 3.135269821541442e-13 3.148592497836944e-13 6.412648190234904e-13 -4.321125230085892e-10
900 8.494209138604225 0.009510145424908837 1.0450755850257717e-5 7.922243886346045e-6 7.922243886244978e-6 7.367918143866969e-6 0.00010313499422887062 7.726799201512868e-5 7.726799199714307e-5 6.412622286111613e-5 3.206324095117452e-13 3.204103649068202e-13 3.19300141882195e-13 6.52811138479592e-13 5.344392117247006e-11
910 8.58931268643466 0.009510000048043034 1.0490744532985487e-5 7.963742257441883e-6 7.963742257576393e-6 7.414096464333376e-6 0.00010482769862152352 8.351570439102396e-5 8.351570438214218e-5 7.383394456139669e-5 3.19300141882195e-13 3.2218672174622043e-13 3.228528555609955e-13 6.519229600598919e-13 7.412097747350161e-10
920 8.684415821075955 0.009510053612208538 1.0524837310551028e-5 7.999313648301796e-6 7.999313648600238e-6 7.533298733494861e-6 7.01307348174307e-5 5.720055143609848e-5 5.720055142699465e-5 5.416569206451172e-5 3.2174263253637037e-13 3.284039706841213e-13 3.2596148002994596e-13 6.679101716144942e-13 1.033623946431592e-9
930 8.779519365536167 0.00951018896093594 1.0543784999589658e-5 8.005548316199355e-6 8.005548316569097e-6 7.443581353110666e-6 5.947071149958738e-5 5.591348275646446e-5 5.5913482743585874e-5 3.903760382373278e-5 3.3306690738754696e-13 3.3084646133829665e-13 3.310685059432217e-13 6.803446694902959e-13 8.062454325938638e-10
940 8.874625772095067 0.00951051426454211 1.0572098949391706e-5 8.029284351959463e-6 8.029284352381797e-6 7.462179032656409e-6 7.040734234253776e-5 5.639616942909598e-5 5.639616943065029e-5 6.144759521653498e-5 3.346212196220222e-13 3.348432642269472e-13 3.3439917501709715e-13 6.892264536872972e-13 5.834124850771457e-10
950 8.969732954155532 0.009510677902665526 1.0595629303007262e-5 8.047212714735277e-6 8.047212715077944e-6 7.451957288692046e-6 9.704892835049606e-5 7.236298372115257e-5 7.236298370627559e-5 6.023189964388109e-5 3.4083846855992306e-13 3.4061642395499803e-13 3.4017233474514796e-13 6.927791673660977e-13 7.439674767082197e-10
960 9.064842110477047 0.009510913306930298 1.0615077813629075e-5 8.055945533065762e-6 8.055945533361763e-6 7.4548845348942665e-6 9.17790311030231e-5 6.912859586827302e-5 6.912859584939923e-5 5.7918026015180146e-5 3.390621117205228e-13 3.4350300381902343e-13 3.4505731605349865e-13 6.945555242054979e-13 1.1053253136753818e-9
970 9.159952538559061 0.009510851443803538 1.0631493532885262e-5 8.07136484856173e-6 8.07136484865621e-6 7.467706090740511e-6 6.052688413671348e-5 5.6151158179584826e-5 5.615115815138516e-5 3.894340682020214e-5 3.4416913763379853e-13 3.4283687000424834e-13 3.4572344986827375e-13 6.998845947236987e-13 1.0598422717346216e-9
980 9.255060897153971 0.00951087461622596 1.062422293466123e-5 8.060658807405557e-6 8.060658807274394e-6 7.468467438343481e-6 5.6741585802599914e-5 5.699398276082235e-5 5.699398275327283e-5 3.842715151280984e-5 3.5060843117662444e-13 3.490541189421492e-13 3.483879851273741e-13 7.078782005009998e-13 6.494333340466106e-10
990 9.350166256528146 0.009510507821255527 1.0623443181304275e-5 8.05367334042754e-6 8.053673340270316e-6 7.405952158476354e-6 5.657476509912662e-5 5.69915262407239e-5 5.699152621030379e-5 4.0949291601588556e-5 3.503863865716994e-13 3.539391002504999e-13 3.519406988061746e-13 7.185363415374013e-13 3.869225787689543e-10
1000 9.445268651143987 0.009510135681032992 1.0627495995831597e-5 8.057475155562534e-6 8.057475155437405e-6 7.4339918057112545e-6 6.339745923966689e-5 5.530678597032157e-5 5.5306785931019675e-5 3.8590360415646785e-5 3.5704772471945034e-13 3.5793590313915047e-13 3.559375016948252e-13 7.247535904753022e-13 7.334127168582998e-10
1010 9.540369041569342 0.009510072458672423 1.0631437916459509e-5 8.060627263151676e-6 8.060627262902966e-6 7.418470509250844e-6 7.255355799218322e-5 5.739884119959626e-5 5.739884114586147e-5 3.9435251066421984e-5 3.590461261637756e-13 3.6126657221302594e-13 3.5771385853422544e-13 7.283063041541027e-13 1.4405885873736809e-9
1020 9.635469442021229 0.009510085042696133 1.063269887854729e-5 8.065765052620713e-6 8.065765052282925e-6 7.395509028001952e-6 6.41408459487458e-5 5.7999414184717324e-5 5.7999414204479294e-5 3.918345856046557e-5 3.643751966819764e-13 3.6060043839825084e-13 3.637090628672013e-13 7.362999099314038e-13 1.7944792315547863e-9
1030 9.730572824329931 0.009510498334672572 1.0641701509465193e-5 8.06832285553647e-6 8.068322855358174e-6 7.443964420195007e-6 5.67144095078298e-5 5.7162388814147036e-5 5.7162388809262055e-5 3.8642450742809586e-5 3.7125857943465235e-13 3.6570746431152656e-13 3.6504133049675147e-13 7.309708394132031e-13 1.5565830372955635e-9
1040 9.825679457306848 0.00951101860326602 1.0652982478618083e-5 8.078387230125472e-6 8.0783872301312e-6 7.4380657327869645e-6 5.442206837558139e-5 5.6214610706373236e-5 5.621461072635725e-5 3.8923698849391286e-5 3.717026686445024e-13 3.730349362740526e-13 3.7259084706420253e-13 7.416289804496046e-13 1.1620880016498041e-9
1050 9.920788185066627 0.009511390621542229 1.0672664543354002e-5 8.105155937623285e-6 8.105155937866735e-6 7.439647917355214e-6 5.902188306716738e-5 5.8742473359574277e-5 5.8742473346473645e-5 4.212180909934915e-5 3.701483564100272e-13 3.717026686445024e-13 3.717026686445024e-13 7.611689056830073e-13 1.0565488544040486e-9
1059 10.0 0.00312332897078349 1.0691195766424342e-5 8.121087456731118e-6 8.121087457139166e-6 7.529361127152622e-6 7.714433335648252e-5 5.8993086564873565e-5 5.899308662771219e-5 4.303130654381704e-5 3.7614356074300304e-13 3.814726312612038e-13 3.7836400679225335e-13 7.638334409421077e-13 1.144002038875458e-9
