#timestep time dt l2_rho l2_rho_v1 l2_rho_v2 l2_rho_e_total linf_rho linf_rho_v1 linf_rho_v2 linf_rho_e_total cons_rho cons_rho_v1 cons_rho_v2 cons_rho_e_total dsdu_ut 
0 0.0 0.0 0.0 0.0 0.0 0.0 0.0 0.0 0.0 0.0 0.0 0.0 0.0 0.0 -1.562909110670082e-14
10 0.03935709014022366 0.0063817194359407775 2.9686180279867067e-6 5.1831595269012885e-6 5.183159526917752e-6 1.5753077684264535e-5 1.6108435408224153e-5 2.5511825656465703e-5 2.5511825655577525e-5 7.762612178607853e-5 4.218847493575595e-15 8.659739592076221e-15 4.6629367034256575e-15 3.552713678800501e-15 2.8552703293909513e-9
20 0.12017347822069326 0.008859488055043345 5.8092069669749725e-6 8.165642433444108e-6 8.165642433384138e-6 2.0732005013377213e-5 2.7505827444596065e-5 3.878698851833562e-5 3.878698851167428e-5 8.802894559689634e-5 6.8833827526759706e-15 1.176836406102666e-14 1.1102230246251565e-14 1.509903313490213e-14 7.4158921784602834e-9
30 0.2120454589055596 0.009340655514685983 8.787426174024916e-6 1.0077892111576886e-5 1.007789211157672e-5 2.493417292291159e-5 3.2880473277874245e-5 3.803799179680212e-5 3.8037991797690296e-5 0.00012444281853429828 1.176836406102666e-14 1.7985612998927536e-14 9.769962616701378e-15 8.881784197001252e-15 1.1911248552867702e-8
40 0.305959377339577 0.009411102839019966 8.821345441828258e-6 1.0210058409017756e-5 1.0210058409029973e-5 2.6926207685576896e-5 4.484560218864786e-5 5.0689678725346354e-5 5.0689678728232934e-5 0.00015452357738121592 1.3322676295501878e-14 1.9539925233402755e-14 1.9539925233402755e-14 2.1316282072803006e-14 1.3955929673861194e-8
50 0.4000993070654976 0.009412730171972269 1.0003833948165182e-5 1.1152960545526927e-5 1.115296054560862e-5 2.9515530819812277e-5 5.019025070085448e-5 5.5283208217016266e-5 5.528320821102106e-5 0.00016611469847482851 2.3092638912203256e-14 2.398081733190338e-14 2.3092638912203256e-14 3.2862601528904634e-14 1.2090248755642801e-8
60 0.4942504436554915 0.009417290181993618 1.1242156492907596e-5 1.2348950840032789e-5 1.2348950840114848e-5 3.2959326654587766e-5 6.206245002715605e-5 6.340312222641309e-5 6.340312223773736e-5 0.00018711390664671868 2.731148640577885e-14 2.375877272697835e-14 2.6423307986078726e-14 4.1744385725905886e-14 7.097705285698645e-9
70 0.5884035103839479 0.00941106676728023 1.0698947532215003e-5 1.0921202186165755e-5 1.092120218622054e-5 2.857543171951384e-5 4.9005384466616064e-5 5.4418292473101815e-5 5.4418292486202446e-5 0.000157086659379857 2.708944180085382e-14 2.375877272697835e-14 2.6867397195928788e-14 3.9968028886505635e-14 1.475908897075829e-9
80 0.6825350739473958 0.009416275725010451 1.0852066085495822e-5 1.0551117762461311e-5 1.0551117762376158e-5 2.782911208331448e-5 3.6445704386212086e-5 4.790599586956823e-5 4.790599587334299e-5 0.00012417858371183144 3.019806626980426e-14 3.26405569239796e-14 3.597122599785507e-14 5.417888360170764e-14 -2.0817080224426454e-9
90 0.7766844541709808 0.009413901722591983 1.0983651695908697e-5 1.02132523130887e-5 1.0213252312977534e-5 2.64867691913027e-5 3.94507012084766e-5 4.491301480213927e-5 4.491301482278942e-5 0.00011606185243717704 3.419486915845482e-14 3.4861002973229915e-14 3.885780586188048e-14 6.838973831690964e-14 -3.03630395558942e-9
100 0.8708626088975212 0.009417042481984128 1.1092528339777325e-5 1.0040450367211844e-5 1.0040450367045183e-5 2.6483589680246066e-5 4.07837257832e-5 4.2900404643830825e-5 4.290040464249856e-5 0.00011177117447935814 3.5083047578154947e-14 3.885780586188048e-14 3.8191672047105385e-14 5.861977570020827e-14 -2.1033721483869393e-9
110 0.9650647945538754 0.009422683827222183 1.1341104621533386e-5 1.0093840316493696e-5 1.0093840316403409e-5 2.714020658079511e-5 5.299115197221482e-5 4.490396269263286e-5 4.4903962673092934e-5 0.00012466761760432377 4.618527782440651e-14 4.707345624410664e-14 4.9960036108132044e-14 7.904787935331115e-14 -5.199243807278595e-10
120 1.0592904684676583 0.009422116115243568 1.212471587129486e-5 1.0803278065750816e-5 1.0803278065727827e-5 2.871488079862399e-5 4.911964037557226e-5 4.0904641869232705e-5 4.090464185391163e-5 0.00015625160799448423 4.707345624410664e-14 5.040412531798211e-14 4.907185768843192e-14 7.638334409421077e-14 1.2662117796292721e-9
130 1.153514204584932 0.009428256762236608 1.261168564550258e-5 1.103529737716512e-5 1.1035297376860694e-5 2.9270016104584367e-5 4.7092090934119923e-5 4.2455281059172734e-5 4.245528106028296e-5 0.00015726283486561243 4.551914400963142e-14 4.907185768843192e-14 5.1736392947532295e-14 9.325873406851315e-14 2.470940704950387e-9
140 1.247714091626393 0.009425070995159771 1.3093827148479521e-5 1.1073705954283845e-5 1.1073705954073318e-5 2.9507964006581183e-5 6.429202996693917e-5 5.4601869035497685e-5 5.4601869057702146e-5 0.00017891772884315316 5.440092820663267e-14 5.684341886080802e-14 5.5289106626332796e-14 1.0125233984581428e-13 1.942124880832796e-9
150 1.3419434633141087 0.009411791749245337 1.3964782007486089e-5 1.1648587648323507e-5 1.1648587648308975e-5 2.9408172993087032e-5 6.144320320400354e-5 5.300694251975102e-5 5.300694252197147e-5 0.00016666151191646605 5.129230373768223e-14 5.706546346573305e-14 6.17284001691587e-14 1.1013412404281553e-13 -1.3389753883153973e-9
160 1.4361734810663354 0.009416056380314841 1.4442934208507058e-5 1.1749761751724696e-5 1.1749761751577034e-5 3.0052840922164364e-5 5.9242906154555186e-5 5.685779694131199e-5 5.685779695374649e-5 0.0001764724753634539 5.284661597215745e-14 6.328271240363392e-14 6.439293542825908e-14 1.2079226507921703e-13 -7.02584795573348e-9
170 1.5304004503851314 0.009423490937480399 1.488399973496561e-5 1.1827264729950093e-5 1.1827264729838738e-5 2.99988750248291e-5 6.025917411767168e-5 6.0878140992315366e-5 6.087814099631217e-5 0.0001829908188479834 6.838973831690964e-14 6.195044477408373e-14 6.261657858885883e-14 1.199040866595169e-13 -1.295062049695904e-8
180 1.6246479175615718 0.009427221435846712 1.5772866576693234e-5 1.2602229039063454e-5 1.2602229038817913e-5 3.132812262820329e-5 6.986355393112653e-5 6.007459697254802e-5 6.00745969858707e-5 0.00020399278678073784 7.016609515630989e-14 6.639133687258436e-14 7.038813976123492e-14 1.1812772982011666e-13 -1.6281321392764584e-8
190 1.7188813370449718 0.009424036033836826 1.6082217085503917e-5 1.2480364131189977e-5 1.248036413082253e-5 3.026621894270268e-5 6.626577410306922e-5 5.0204481845339544e-5 5.0204481844007276e-5 0.0002039185599365112 7.505107646466058e-14 7.083222897108499e-14 7.083222897108499e-14 1.341149413747189e-13 -1.5608680996134934e-8
200 1.813182803475432 0.009432548611384022 1.643343132861185e-5 1.2545265353344382e-5 1.2545265352794068e-5 3.065176393405288e-5 5.279078231978929e-5 5.0093934369055404e-5 5.009393436639087e-5 0.00016928161285001408 7.66053886991358e-14 7.949196856316121e-14 7.638334409421077e-14 1.3677947663381929e-13 -1.1707744317201516e-8
210 1.907463876194059 0.009437955571691612 1.700851653878156e-5 1.3067004175646698e-5 1.3067004175261133e-5 3.176165567204928e-5 5.598276331930663e-5 5.154274737417808e-5 5.1542747375066256e-5 0.00013633734142093346 8.060219158778636e-14 7.793765632868599e-14 7.72715225139109e-14 1.3677947663381929e-13 -5.839379306204768e-9
220 2.0017466796308776 0.009428977690847825 1.7131798088228722e-5 1.2734830654883876e-5 1.2734830654434368e-5 3.017402539158783e-5 5.804689196864388e-5 4.664996962011614e-5 4.664996961478707e-5 0.00010057398333351841 8.193445921733655e-14 8.43769498715119e-14 8.881784197001252e-14 1.5365486660812167e-13 4.3100366534771194e-10
230 2.096116746230417 0.009432829241718904 1.7458894072474094e-5 1.290909413060631e-5 1.2909094130211288e-5 3.0174700637166922e-5 6.837959851146991e-5 5.674776466646492e-5 5.6747764633158226e-5 9.968055037301582e-5 8.548717289613705e-14 9.14823772291129e-14 8.815170815523743e-14 1.5631940186722204e-13 6.305463696878002e-9
240 2.190501295571254 0.009435226604655123 1.7488337752046464e-5 1.2684663384968339e-5 1.2684663384592843e-5 2.9611595247833176e-5 7.401087119207617e-5 5.799651723048527e-5 5.799651722337984e-5 0.00010291114756721953 9.370282327836321e-14 8.526512829121202e-14 9.015010959956271e-14 1.6253665080512292e-13 1.0476757275651216e-8
250 2.284862179977691 0.009445422796515009 1.7790467877884308e-5 1.2931172128813722e-5 1.2931172128489285e-5 3.0402934566236785e-5 7.85676721570816e-5 6.396599406999215e-5 6.396599405045222e-5 0.00012525424743881075 9.880984919163893e-14 9.703349235223868e-14 9.547918011776346e-14 1.7497114868092467e-13 1.1377656240818939e-8
260 2.3792566946942273 0.009445536502104475 1.7919453526546995e-5 1.2925599237613256e-5 1.292559923729761e-5 3.0178982501557208e-5 7.34026854631864e-5 6.121055231100847e-5 6.121055226615546e-5 0.000145696866368894 9.947598300641403e-14 9.681144774731365e-14 9.370282327836321e-14 1.8562928971732617e-13 8.642627117344507e-9
270 2.473659500771086 0.009439976395516745 1.7840289517851508e-5 1.270048603419227e-5 1.2700486033975958e-5 2.934362251529278e-5 7.530813361733557e-5 6.23855678276719e-5 6.238556780480131e-5 0.000141489508497461 9.9253938401489e-14 9.969802761133906e-14 9.9253938401489e-14 1.9451107391432743e-13 3.466051377121977e-9
280 2.5680668183675697 0.009445763773252408 1.7883304188986928e-5 1.2748896676981727e-5 1.2748896676471132e-5 3.0099945875221244e-5 0.00010280259817996296 8.01829572325552e-5 8.018295723188906e-5 0.00018433299909181855 1.0658141036401503e-13 1.0258460747536446e-13 1.0169642905566434e-13 1.8207657603852567e-13 -1.2090086165740729e-9
290 2.6624709299807217 0.009440210231995372 1.790563753354616e-5 1.2649092250823905e-5 1.2649092250494243e-5 2.952561935250631e-5 0.0001052975586488536 8.035937777473023e-5 8.035937777739477e-5 0.00018503740626218956 1.0635936575909e-13 1.0835776720341528e-13 1.099120794378905e-13 2.0694557179012918e-13 -3.4063921561447436e-9
300 2.7568909373623587 0.009440245083910602 1.8008150826831623e-5 1.2781604740124624e-5 1.2781604739847686e-5 3.0007339793546967e-5 8.629445647478917e-5 6.510052972097391e-5 6.510052973895952e-5 0.00017294435350612147 1.0591527654923993e-13 1.1168843627729075e-13 1.1213252548714081e-13 2.1760371282653068e-13 -3.028487654065619e-9
310 2.8513175379461546 0.009440550571714284 1.7734625755075554e-5 1.2472416091671213e-5 1.2472416091359124e-5 2.9056916072418054e-5 6.67857673579686e-5 4.828802115275366e-5 4.8288021111675405e-5 0.00015333850666277016 1.1479706074624119e-13 1.1679546219056647e-13 1.1590728377086634e-13 2.149391775674303e-13 -1.3070841395488501e-9
320 2.9457795140158685 0.009442282125302346 1.8076815106296852e-5 1.2950748461955163e-5 1.2950748461657526e-5 3.0259303832764875e-5 6.522628203819991e-5 5.4212605292258687e-5 5.421260529425709e-5 0.00011759307119474371 1.170175067954915e-13 1.192379528447418e-13 1.1968204205459188e-13 2.282618538629322e-13 5.623020818872136e-10
330 3.04024748161409 0.009446437763547475 1.7975949719493854e-5 1.2802071924581236e-5 1.2802071924201775e-5 3.0017770121601646e-5 8.922123916454971e-5 5.992513932540078e-5 5.99251393409439e-5 0.00012338032775494057 1.2301271112846734e-13 1.1968204205459188e-13 1.1968204205459188e-13 2.3003821070233244e-13 2.274955391028374e-9
340 3.1347241082455115 0.009447269679372044 1.7884289143531526e-5 1.2702868342181413e-5 1.2702868341978293e-5 2.9631816859980666e-5 9.763836522269642e-5 7.17927783902006e-5 7.179277839330922e-5 0.00015482759372620336 1.2279066652354231e-13 1.2678746941219288e-13 1.2301271112846734e-13 2.3714363805993344e-13 2.691026249367607e-9
350 3.2291904744808946 0.009448903866088498 1.8359155469620418e-5 1.3446338562419736e-5 1.3446338562286973e-5 3.103888156795459e-5 9.63089741374823e-5 7.141249296749308e-5 7.141249297726304e-5 0.00016842863147825682 1.290079154614432e-13 1.254552017826427e-13 1.2434497875801753e-13 2.4069635173873394e-13 9.38567419671047e-10
360 3.3236420358030374 0.00944250197321356 1.8156314095499535e-5 1.3039676854086271e-5 1.303967685395175e-5 3.0053838167535264e-5 9.079608646977988e-5 7.217559623740044e-5 7.217559621608416e-5 0.0001799742455235176 1.2612133559741778e-13 1.3566925360919413e-13 1.376676550535194e-13 2.5135449277513544e-13 -3.675404939893799e-9
370 3.4181045348631107 0.009443473405303266 1.8312113927029716e-5 1.3260075048728268e-5 1.3260075048833464e-5 3.023629048204742e-5 8.569972573591045e-5 7.877754736362874e-5 7.87775473609642e-5 0.00020258170287323907 1.3633538742396922e-13 1.389999226830696e-13 1.3455903058456897e-13 2.5135449277513544e-13 -1.0280664038164218e-8
380 3.512573768020625 0.009446203091381288 1.845739746192726e-5 1.3452712568068728e-5 1.3452712568431036e-5 3.059084036160121e-5 8.678507035386751e-5 7.13012664554924e-5 7.130126643239976e-5 0.00022641971101933223 1.3744561044859438e-13 1.4011014570769476e-13 1.4277468096679513e-13 2.708944180085382e-13 -1.5757799391540702e-8
390 3.607022028664842 0.009449329493412512 1.8492736249400925e-5 1.3452001383520297e-5 1.3452001383921583e-5 3.045414888286179e-5 8.917522974716263e-5 7.027937993164812e-5 7.027937988302035e-5 0.0002254093191158546 1.425526363618701e-13 1.438849039914203e-13 1.4366285938649526e-13 2.815525590449397e-13 -1.793112262135912e-8
400 3.7014992888210174 0.009450983562606747 1.85819813825369e-5 1.353680712872068e-5 1.3536807129018847e-5 3.0457184095147218e-5 8.646695104652657e-5 6.844024356111866e-5 6.84402434876219e-5 0.0002040907638889422 1.4410694859634532e-13 1.48991929904696e-13 1.4410694859634532e-13 2.877698079828406e-13 -1.5982129043694415e-8
410 3.795993142697035 0.009451780842095159 1.8634432826525558e-5 1.3571218490997365e-5 1.3571218491358648e-5 3.0267921459622787e-5 7.845160144648311e-5 6.28358611047819e-5 6.283586110433781e-5 0.0001547412241507118 1.4654943925052066e-13 1.5276668818842154e-13 1.467714838554457e-13 2.9665159217984183e-13 -1.1277978642283646e-8
420 3.890490567235225 0.009457575552735256 1.876659714354339e-5 1.3824299897322133e-5 1.3824299897682807e-5 3.0862886105402754e-5 6.678242184565697e-5 6.233425507162771e-5 6.23342550760686e-5 0.0001288947513446992 1.5654144647214707e-13 1.574296248918472e-13 1.5831780331154732e-13 2.922107000813412e-13 -5.197563241132619e-9
430 3.984986100108322 0.009452464545697026 1.8650713593699873e-5 1.3558970084326075e-5 1.355897008422745e-5 2.9940855682567664e-5 7.088661152154785e-5 5.952411639409405e-5 5.9524116340359257e-5 0.0001357413693456877 1.5498713423767185e-13 1.5987211554602254e-13 1.5920598173124745e-13 3.0464519795714295e-13 1.0585783358792297e-9
440 4.07951424124931 0.009449161199047812 1.8885110235304672e-5 1.3817133028973293e-5 1.3817133028714631e-5 2.9745164421517245e-5 9.140767533466487e-5 6.358585423349439e-5 6.358585421351037e-5 0.00013187716497986557 1.6564527527407336e-13 1.6253665080512292e-13 1.5631940186722204e-13 3.0819791163594346e-13 6.542281245725337e-9
450 4.174059412174665 0.009450172543468457 1.882192201305667e-5 1.3669618804886598e-5 1.366961880472697e-5 2.8757903951496795e-5 9.167482465821664e-5 6.429426919662973e-5 6.429426918730385e-5 0.00011964740917980166 1.638689184346731e-13 1.6830981053317373e-13 1.6475709685437323e-13 3.206324095117452e-13 9.766107695946278e-9
460 4.268587672556229 0.009454124496379819 1.889234765433576e-5 1.3699595702243822e-5 1.369959570212496e-5 2.8647325482860775e-5 7.364647440777361e-5 7.313697456634571e-5 7.313697452104861e-5 0.00013519297650876894 1.680877659282487e-13 1.7363888105137448e-13 1.7030821197749901e-13 3.2507330161024584e-13 9.320441462657011e-9
470 4.363111763277425 0.009456198438505752 1.9199040075996067e-5 1.3963723297540261e-5 1.3963723297472697e-5 2.854645811185512e-5 7.989282061426906e-5 7.897527398936788e-5 7.897527393430082e-5 0.00014849367781621936 1.7386092565629951e-13 1.729727472365994e-13 1.7186252421197423e-13 3.304023721284466e-13 5.6004844427983905e-9
480 4.4576548441750345 0.009453924095892354 1.9336202304309605e-5 1.396261698562071e-5 1.3962616985622452e-5 2.7752223268773645e-5 7.269425020162146e-5 7.000120692657319e-5 7.00012069096978e-5 0.0001388373948265631 1.7363888105137448e-13 1.7341683644644945e-13 1.745270594710746e-13 3.3928415632544784e-13 7.544691138767657e-10
490 4.552173895648912 0.009453392217832696 1.9429473061402998e-5 1.3975620669572205e-5 1.3975620669601134e-5 2.755987315350108e-5 7.346090511228809e-5 7.180834498310418e-5 7.180834495246202e-5 0.00015750815368154036 1.8451906669270102e-13 1.7741363933510002e-13 1.8318679906315083e-13 3.4727776210274897e-13 -2.635538544004094e-9
500 4.646713706924529 0.009455862968509728 1.969946841892896e-5 1.4147315636450098e-5 1.4147315636528092e-5 2.766977744813313e-5 8.126892324389345e-5 6.914824931092411e-5 6.914824937620523e-5 0.00017487724911413594 1.8141044222375058e-13 1.8407497748285095e-13 1.7918999617450027e-13 3.561595462997502e-13 -3.144895726949863e-9
510 4.741243105435186 0.009451667546735761 1.9939491367702972e-5 1.4300290503436152e-5 1.4300290503436114e-5 2.766048567635012e-5 8.363524226506769e-5 6.601237961145756e-5 6.601237964032336e-5 0.00015957955877654584 1.8474111129762605e-13 1.887379141862766e-13 1.8784973576657649e-13 3.6060043839825084e-13 -1.593437843403335e-9
520 4.835771814640512 0.009451704065686288 1.98857330216833e-5 1.4140500199123337e-5 1.4140500199332595e-5 2.7354446600223182e-5 8.163127998894737e-5 7.311473399940205e-5 7.311473397808577e-5 0.0001342776054737982 1.91402449445377e-13 1.8984813721090177e-13 1.8851586958135158e-13 3.7214675785435247e-13 6.8963530263856e-10
530 4.930326589195791 0.009455403705844084 2.0046117091041142e-5 1.4291678712178098e-5 1.4291678712340069e-5 2.794037233324472e-5 0.0001053281314322696 6.943326761255086e-5 6.943326757991031e-5 0.00012094001458740067 1.949551631241775e-13 1.9695356456850277e-13 1.9584334154387761e-13 3.765876499528531e-13 2.739298585076181e-9
540 5.024886455162613 0.009456443741581503 2.0162137340344292e-5 1.4459870168947953e-5 1.4459870168943977e-5 2.8554659778917987e-5 0.00011103110292109974 7.270724262875561e-5 7.27072426331965e-5 0.00012652569258930768 1.9628743075372768e-13 1.9806378759312793e-13 1.9939605522267811e-13 3.836930773104541e-13 4.136909971868286e-9
550 5.119442854280824 0.009458929009445474 2.0009738349641756e-5 1.4253259760127217e-5 1.4253259760237933e-5 2.8344714518476814e-5 9.518544929276729e-5 6.877288863060826e-5 6.877288866169451e-5 0.00011850636983323781 1.9673151996357774e-13 1.9895196601282805e-13 1.9895196601282805e-13 3.872457909892546e-13 3.771239870757739e-9
560 5.214027862992538 0.00946332546970128 2.0020506272903786e-5 1.4370475367987144e-5 1.4370475368355991e-5 2.8981463986332197e-5 0.00010533416057301181 7.126505494747803e-5 7.126505494170488e-5 0.00014235086633007654 2.020605904817785e-13 2.0472512574087887e-13 2.0272672429655358e-13 3.836930773104541e-13 5.204094401166869e-10
570 5.30860419773977 0.009461004007862548 1.9989365820247448e-5 1.4373173459149386e-5 1.4373173459312605e-5 2.908385366756968e-5 0.00011286432209667296 7.476340161760575e-5 7.476340164513928e-5 0.0001574436077786956 2.0050627824730327e-13 2.0450308113595383e-13 2.0250467969162855e-13 4.050093593832571e-13 -5.446548377494484e-9
580 5.40318931996915 0.009459824267049778 1.9828805880338668e-5 1.420681377384186e-5 1.4206813774115326e-5 2.8911362287638706e-5 0.00010740529929975651 7.97931435858601e-5 7.979314358408374e-5 0.00017641623538544593 2.1116441928370477e-13 2.0872192862952943e-13 2.1116441928370477e-13 4.11226608321158e-13 -1.2311281027479043e-8
590 5.497797106321237 0.009459380158218088 1.995193026964274e-5 1.443362644580777e-5 1.4433626445817995e-5 2.9448900242346387e-5 0.00011452941433809372 8.918978791916388e-5 8.918978796312871e-5 0.00020463002925996676 2.149391775674303e-13 2.1316282072803006e-13 2.1582735598713043e-13 4.2366110619695974e-13 -1.701314610721843e-8
600 5.592389439783021 0.009459251885632614 1.989722447383936e-5 1.438359237712638e-5 1.4383592377263366e-5 2.9444048878349605e-5 0.00010734212037544211 9.108578415784052e-5 9.10857842164603e-5 0.00021498904576855438 2.19824158875781e-13 2.1871393585115584e-13 2.1826984664130578e-13 4.227729277772596e-13 -1.7657065829469145e-8
610 5.687000405901344 0.009461342942197835 1.984480975373134e-5 1.4316360769126607e-5 1.4316360768935921e-5 2.9379426000470676e-5 0.00011141676874704132 8.02595069946399e-5 8.025950701640028e-5 0.00019908722083616937 2.2315482794965646e-13 2.1893598045608087e-13 2.2115642650533118e-13 4.3520742565306136e-13 -1.4615827676063328e-8
620 5.781634409834569 0.0094610644736705 1.995957545788995e-5 1.4513619824373804e-5 1.4513619824381993e-5 2.976205533942777e-5 0.00010212892770056214 7.433535152356896e-5 7.433535151468718e-5 0.00016671266031575982 2.311484337269576e-13 2.2515322939398175e-13 2.2581936320875684e-13 4.4497738826976274e-13 -9.343150499337881e-9
630 5.87625686972562 0.009464105382089806 1.995821053379739e-5 1.4490886643830252e-5 1.4490886643359149e-5 2.9792999670250478e-5 7.372702936603304e-5 6.55609599036211e-5 6.556095996179678e-5 0.0001261654054349748 2.291500322826323e-13 2.3225865675158275e-13 2.3070434451710753e-13 4.4586556668946287e-13 -3.178613985226853e-9
640 5.970896158340967 0.009464614851249383 2.0123719753422505e-5 1.4717473918314838e-5 1.4717473918042042e-5 3.019287024927186e-5 8.576065514187547e-5 6.77218721976125e-5 6.772187225578818e-5 0.000137978252258808 2.311484337269576e-13 2.3447910280083306e-13 2.3381296898605797e-13 4.591882429849647e-13 2.8329044300192833e-9
650 6.065520653764833 0.009457614054069762 2.0119977007728103e-5 1.4682584733133159e-5 1.4682584732836045e-5 2.9927679008718308e-5 0.00012552336336568715 7.025584610365065e-5 7.025584606745738e-5 0.00014535282627736734 2.382538610845586e-13 2.347011474057581e-13 2.398081733190338e-13 4.645173135031655e-13 7.656912313039156e-9
660 6.160153460561272 0.00946012968354225 2.0186647444383062e-5 1.4693662149788318e-5 1.469366214941564e-5 2.9549435940221738e-5 0.00012912071998938401 7.33101231773503e-5 7.331012321043495e-5 0.00014639639468372323 2.3780977187470853e-13 2.4513724383723456e-13 2.4225066397320916e-13 4.662936703425657e-13 9.500564140812882e-9
670 6.254798353841436 0.009460011779739173 2.0262374931160287e-5 1.4764676233196189e-5 1.476467623301543e-5 2.9509484724679996e-5 0.00010142130310031305 7.585706726720431e-5 7.58570672845238e-5 0.0001659916068921241 2.4780177909633494e-13 2.4846791291111003e-13 2.5002222514558525e-13 4.813927034774679e-13 7.71075154469775e-9
680 6.349422221185367 0.00946523496983933 2.0343954936037416e-5 1.482041351847575e-5 1.4820413518081599e-5 2.953872546881097e-5 8.132208557753984e-5 7.745277608250944e-5 7.745277607851264e-5 0.0001905994585764681 2.5202062658991053e-13 2.466915560717098e-13 2.4513724383723456e-13 4.75175454539567e-13 3.395770536144273e-9
690 6.44407387120229 0.0094658166833982 2.0485564340727003e-5 1.4895197142863304e-5 1.4895197142667287e-5 2.9313831813418657e-5 8.341423957558547e-5 8.072978083895066e-5 8.072978084716631e-5 0.0001986497278685384 2.537969834293108e-13 2.544631172440859e-13 2.544631172440859e-13 4.9649173661237e-13 -7.205312872503556e-10
700 6.538708993411746 0.009463822646698053 2.057693144023816e-5 1.4956056579911685e-5 1.4956056579431919e-5 2.922572680481141e-5 8.102740569038147e-5 7.710024606044641e-5 7.710024605311894e-5 0.00022284278547113345 2.5424107263916085e-13 2.595701431573616e-13 2.5623947408348613e-13 4.991562718714704e-13 -2.4133164116154403e-9
710 6.63334980883967 0.00946789248470954 2.06315328591923e-5 1.49412169029742e-5 1.4941216902642097e-5 2.9033250919556476e-5 8.602162938231572e-5 7.641470127861538e-5 7.64147013170291e-5 0.00022369127939558808 2.637889906509372e-13 2.5623947408348613e-13 2.566835632933362e-13 5.009326287108706e-13 -1.512825169129764e-9
720 6.728008970340793 0.00946700347031435 2.0768056172609158e-5 1.5061659416027257e-5 1.5061659415385587e-5 2.8958845836210737e-5 9.190201657260921e-5 8.027332047011448e-5 8.027332051119274e-5 0.00019040754559851436 2.6334490144108713e-13 2.62234678416462e-13 2.6423307986078726e-13 5.115907697472721e-13 9.863747646390744e-10
730 6.822653241388713 0.009464229341047094 2.0787443918190123e-5 1.4991800128129225e-5 1.4991800127179108e-5 2.8453827898168312e-5 8.906217708393172e-5 8.701362118035405e-5 8.701362120033806e-5 0.0001455334124580432 2.6911806116913795e-13 2.686739719592879e-13 2.660094367001875e-13 5.186961971048731e-13 3.5327237891148033e-9
740 6.917325901657015 0.009467442861211298 2.094090656941857e-5 1.5171206602394544e-5 1.5171206601754311e-5 2.864207215037217e-5 0.00012048156429700363 8.76164272205493e-5 8.761642718280171e-5 0.00012984305982133293 2.6778579353958776e-13 2.717825964282383e-13 2.7422508708241367e-13 5.231370892033738e-13 5.56156432550154e-9
750 7.011977322409034 0.009464269048160228 2.0962383560770666e-5 1.511734183714216e-5 1.5117341836021814e-5 2.8362100726038598e-5 0.0001243668812616061 8.557222130400888e-5 8.55722212866894e-5 0.0001369326207800725 2.7400304247748863e-13 2.737809978725636e-13 2.7489122089718876e-13 5.329070518200751e-13 6.366786428890962e-9
760 7.106636604731857 0.009467768863559475 2.109765393242449e-5 1.5252491804148816e-5 1.5252491802934015e-5 2.8507217115189064e-5 9.728873185688158e-5 7.968200980590368e-5 7.96820097717088e-5 0.00013389827199894455 2.788880237858393e-13 2.7711166694643907e-13 2.7822188997106423e-13 5.453415496958769e-13 4.736098540191459e-9
770 7.20130433463829 0.00946644075353535 2.112546242302104e-5 1.5252032573677222e-5 1.5252032572499123e-5 2.8330866482947223e-5 0.00010743821016268029 8.199869266345416e-5 8.199869272473848e-5 0.00014188564303818652 2.7777780076121417e-13 2.788880237858393e-13 2.824407374646398e-13 5.542233338928781e-13 -6.939140343569254e-11
780 7.29594626708417 0.009467579759161526 2.1267276139998042e-5 1.536520067844601e-5 1.5365200677652663e-5 2.851942064872312e-5 0.00011723653085304875 9.124902679635838e-5 9.124902680168745e-5 0.0001525252018463874 2.8044233602031454e-13 2.844391389089651e-13 2.8199664825478976e-13 5.53335155473178e-13 -7.173110135586029e-9
790 7.390609469539853 0.009466110678749617 2.1286570638447518e-5 1.5360820787516497e-5 1.536082078663714e-5 2.8492214983180967e-5 0.00012538465543521227 9.456252337081139e-5 9.456252338191362e-5 0.00016359223821549307 2.9176661087149114e-13 2.8754776337791554e-13 2.857714065385153e-13 5.639932965095795e-13 -1.3692556025726157e-8
800 7.485254389153705 0.009462954402838179 2.137031786950503e-5 1.541755658200993e-5 1.541755658121806e-5 2.851651009808355e-5 0.00012818126185898393 9.97608775628045e-5 9.976087758278851e-5 0.0001741883866532845 2.9265478929119126e-13 2.9198865547641617e-13 2.899902540320909e-13 5.639932965095795e-13 -1.7150536253267884e-8
810 7.579904749254048 0.009464023095776394 2.1375655616439706e-5 1.5397604869912558e-5 1.5397604869325978e-5 2.8474215005994842e-5 0.00014662992193814617 0.00010788857459376189 0.00010788857461907497 0.0001953583984537488 2.915445662665661e-13 2.9265478929119126e-13 2.9243274468626623e-13 5.728750807065808e-13 -1.630266810769526e-8
820 7.674559216628242 0.009462601956515335 2.135225014662219e-5 1.5364934933726457e-5 1.536493493314096e-5 2.8363171947950987e-5 0.00014498389574768566 9.125374918594886e-5 9.125374912999362e-5 0.0001815020504052356 2.9665159217984183e-13 3.0242475190789264e-13 3.015365734881925e-13 5.844214001626824e-13 -1.2372084345985047e-8
830 7.769207553696493 0.009463106761576265 2.139438046966635e-5 1.539933454631011e-5 1.539933454567242e-5 2.84450476507143e-5 0.00012441397819396016 8.593793736100253e-5 8.593793734634758e-5 0.00015810140546523854 3.0664359940146824e-13 3.04867242562068e-13 3.0175861809311755e-13 6.021849685566849e-13 -6.7982302827787925e-9
840 7.863859660918179 0.009465143073669803 2.1369559029369537e-5 1.538383286036046e-5 1.5383832859801655e-5 2.848425467999138e-5 8.556266985326744e-5 8.558511646050704e-5 8.558511649159328e-5 0.00012315816385211065 3.086420008457935e-13 3.04867242562068e-13 3.055333763768431e-13 5.897504706808832e-13 -7.265516779805396e-10
850 7.958497818138039 0.009465033315869948 2.1354058923353165e-5 1.536806770331694e-5 1.5368067702889708e-5 2.871693891042767e-5 0.00010547821879169916 8.231499769539852e-5 8.231499771538253e-5 0.00012318585284809558 3.135269821541442e-13 3.079758670310184e-13 3.064215547965432e-13 6.084022174945858e-13 4.864832638444371e-9
860 8.053137726193599 0.009466239234570033 2.1430920138910337e-5 1.5490641330814375e-5 1.54906413301884e-5 2.909057486120682e-5 0.00014120969081821144 8.139774617887952e-5 8.139774615933959e-5 0.000138405081054227 3.106404022901188e-13 3.1041835768519377e-13 3.099742684753437e-13 6.146194664324867e-13 8.553269200946715e-9
870 8.147781108283308 0.009463006416313667 2.13650172721195e-5 1.5398333315088628e-5 1.539833331434248e-5 2.8829367550140427e-5 0.00015763691188874773 8.89277029454405e-5 8.892770291613061e-5 0.00013260904345369084 3.1374902675906924e-13 3.12194714524594e-13 3.1952218648712005e-13 6.208367153703875e-13 8.926156152468942e-9
880 8.242431822696634 0.009464511610833864 2.140158682517268e-5 1.5467144237714877e-5 1.5467144237122723e-5 2.9047285284962627e-5 0.0001311280480027488 8.480017759948666e-5 8.480017759548986e-5 0.0001426652125600114 3.2018832030189515e-13 3.241851231905457e-13 3.1730174043786974e-13 6.24389429049188e-13 5.885854421912144e-9
890 8.337083341061316 0.009465590730757938 2.1326400082696114e-5 1.538854632395157e-5 1.5388546323658627e-5 2.9033978947967145e-5 9.266385766037999e-5 8.688311848503716e-5 8.68831185081298e-5 0.00017098022204331542 3.248512570053208e-13 3.2662761384472105e-13 3.2862601528904634e-13 6.341593916658894e-13 1.6221111796764059e-9
900 8.431731162058968 0.009467107220010132 2.134973972436488e-5 1.5432417718314485e-5 1.543241771784053e-5 2.9123486853951904e-5 9.12201667113699e-5 8.569484695186702e-5 8.569484693499163e-5 0.00017965549179654872 3.2440716779547074e-13 3.2795988147427124e-13 3.241851231905457e-13 6.403766406037903e-13 -1.2893834982993372e-9
910 8.526396807044575 0.00946638407579604 2.1356612243547144e-5 1.5471753388680012e-5 1.5471753388303208e-5 2.913209044631849e-5 8.810423670357892e-5 8.38641084017766e-5 8.386410842176062e-5 0.00022143159926368838 3.2951419370874646e-13 3.297362383136715e-13 3.299582829185965e-13 6.563638521583925e-13 -1.27083846195735e-9
920 8.621053841720574 0.009467067002856159 2.136512621710137e-5 1.5487086924344868e-5 1.5487086924057158e-5 2.9118616226977342e-5 8.509338404127931e-5 8.245084190283691e-5 8.245084195035446e-5 0.00022575666959090412 3.368416656712725e-13 3.368416656712725e-13 3.3084646133829665e-13 6.643574579356937e-13 8.78568859033325e-10
930 8.715722870996055 0.00946771143914599 2.1376677712178446e-5 1.5493007608133516e-5 1.549300760803165e-5 2.912059659285948e-5 9.517959169236256e-5 8.301191793602669e-5 8.301191797910334e-5 0.00020727161900291335 3.3439917501709715e-13 3.3595348725157237e-13 3.355093980417223e-13 6.67021993194794e-13 3.9011926893935096e-9
940 8.810392657073255 0.009465503470258277 2.1414161315786194e-5 1.5537875977379392e-5 1.553787597712253e-5 2.9074240180389686e-5 9.610711925711612e-5 8.831586160940041e-5 8.831586158630778e-5 0.00016247107963351937 3.417266469796232e-13 3.3728575488112256e-13 3.423927807943983e-13 6.741274205523951e-13 6.6300877037916804e-9
950 8.905067579089552 0.009466567514266427 2.140435281611206e-5 1.5462511500855952e-5 1.54625115008086e-5 2.8842913330669072e-5 0.00012203687301037824 8.370273711366671e-5 8.370273712765552e-5 0.00012200591028355134 3.432809592140984e-13 3.4572344986827375e-13 3.459454944731988e-13 6.812328479099961e-13 8.393420094401878e-9
960 8.999755816889417 0.00946789364719117 2.1512739718023316e-5 1.559245012979059e-5 1.5592450129681795e-5 2.908331624552122e-5 0.00013495864644830213 9.12608530065917e-5 9.126085301192077e-5 0.00013563139094818766 3.5127456499139953e-13 3.461675390781238e-13 3.448352714485736e-13 6.883382752675971e-13 8.288628368413833e-9
970 9.094441747525925 0.009466189224355206 2.1542224341874184e-5 1.5599370025414007e-5 1.5599370025099405e-5 2.909240612105248e-5 0.00010790395036197609 8.213109686083797e-5 8.213109689547693e-5 0.0001394941745278544 3.5349501104064984e-13 3.5416114485542494e-13 3.5282887722587475e-13 6.981082378842984e-13 5.1587490535406774e-9
980 9.189135367479432 0.009469874205887395 2.161514668322237e-5 1.5639952002736043e-5 1.5639952002572125e-5 2.9090748550210655e-5 0.00010846405744580068 8.771313208821852e-5 8.771313206068498e-5 0.00013630371907069616 3.603783937933258e-13 3.523847880160247e-13 3.588240815588506e-13 6.936673457857978e-13 -1.2139154578643573e-9
990 9.283832910553489 0.00946801819811601 2.1596530896216438e-5 1.560393122669563e-5 1.5603931226602055e-5 2.8966368106477788e-5 0.00011570072007582866 9.153490380020557e-5 9.15349037660107e-5 0.00015031063114445686 3.597122599785507e-13 3.6193270602780103e-13 3.5482727867020003e-13 7.123190925995004e-13 -8.802484628477202e-9
1000 9.378518624817461 0.00946986954346347 2.166781170770404e-5 1.5669053105312457e-5 1.5669053104894643e-5 2.9018722827254417e-5 0.00012743619832900066 9.82370526236842e-5 9.823705262235194e-5 0.00016943000315094991 3.608224830031759e-13 3.6703973194107675e-13 3.6259883984257613e-13 7.158718062783009e-13 -1.4584161304707684e-8
1010 9.473208603389846 0.009468508952838576 2.1679149804406476e-5 1.5666666652184992e-5 1.5666666652151558e-5 2.8917899959944316e-5 0.00013269036058227712 0.00010460917806565107 0.00010460917809185233 0.00018456880379513763 3.6703973194107675e-13 3.6570746431152656e-13 3.668176873361517e-13 7.247535904753022e-13 -1.6485409709468318e-8
1020 9.567885170464843 0.009467930055812243 2.17093517047252e-5 1.5702451826799533e-5 1.570245182629157e-5 2.880783015740402e-5 0.00014953238285420056 0.00011304933795752703 0.00011304933796552064 0.0002051375160618818 3.7214675785435247e-13 3.785860513971784e-13 3.7281289166912757e-13 7.371880883511039e-13 -1.4432559459440699e-8
1030 9.662570373826076 0.009467391173953255 2.1698247949649898e-5 1.5666360749339288e-5 1.5666360749193388e-5 2.8675008283276902e-5 0.00015130396891560594 9.908610061426515e-5 9.90861005791821e-5 0.0001914298548957305 3.743672039036028e-13 3.710365348297273e-13 3.7703173916270316e-13 7.398526236102043e-13 -9.904088776381197e-9
1040 9.757248827034678 0.009467549235241944 2.1696585564522567e-5 1.565118351291814e-5 1.5651183512611875e-5 2.846508706468863e-5 0.00012752143754690692 8.58381479931225e-5 8.583814798379663e-5 0.00015551196931262723 3.743672039036028e-13 3.752553823233029e-13 3.7636560534792807e-13 7.380762667708041e-13 -4.235684534399179e-9
1050 9.851940505280455 0.009469435775860902 2.1746989195978464e-5 1.5699830052975965e-5 1.5699830052828195e-5 2.8499744163486515e-5 8.808594293130412e-5 8.986519403553217e-5 8.986519402842674e-5 0.00013028010145088587 3.808064974464287e-13 3.7925218521195347e-13 3.821387650759789e-13 7.496225862269057e-13 1.5841199950000784e-9
1060 9.94663807840303 0.009470841215231795 2.1787189823063155e-5 1.5753750879228837e-5 1.5753750878827066e-5 2.8725238722985936e-5 0.00010595833271898059 8.631404404457754e-5 8.63140440259258e-5 0.00012561329494209517 3.8191672047105385e-13 3.843592111252292e-13 3.8347103270552907e-13 7.620570841027074e-13 6.4382301809707415e-9
1066 10.0 0.006024657833712865 2.179038478398092e-5 1.5723848095278035e-5 1.572384809518516e-5 2.8665099298271063e-5 0.00012034488233103602 8.515708576206649e-5 8.51570857367534e-5 0.00013666237806608805 3.8835601401387976e-13 3.8480330033507926e-13 3.8680170177940454e-13 7.620570841027074e-13 8.155820873506558e-9
